$SPEC_ID:
No sample description was entered.
$SPEC_REM:
DET# 1
DETDESC# LAB4D1 Easy-MCA-2k SN 14311467
AP# Maestro Version 7.01
$DATE_MEA:
11/29/2022 16:40:55
$MEAS_TIM:
222 240
$DATA:
0 2047
       0
       0
       0
       0
       0
       0
       0
       0
       0
       0
       0
       0
       0
       0
       0
       0
       0
       2
       1
       0
       1
      29
   86761
  121497
   97876
   80531
   64796
   50660
   39025
   28826
   21637
   16056
   11770
    8540
    6515
    5027
    4007
    3398
    2986
    2705
    2593
    2402
    2455
    2270
    2378
    2272
    2274
    2258
    2172
    2132
    2222
    2084
    2136
    2079
    2073
    1955
    1894
    1888
    1757
    1636
    1620
    1581
    1448
    1341
    1325
    1200
    1083
    1070
     951
     884
     796
     779
     713
     679
     610
     563
     507
     467
     453
     426
     383
     363
     357
     320
     311
     302
     258
     238
     209
     184
     195
     191
     171
     121
     148
     125
     130
     112
     116
     118
     120
     110
      92
      84
     105
      73
      89
      90
      84
      70
      67
      81
      60
      82
      61
      54
      64
      63
      63
      57
      71
      45
      59
      63
      56
      54
      58
      55
      44
      48
      44
      42
      55
      60
      49
      48
      45
      46
      48
      55
      50
      44
      40
      39
      53
      36
      41
      49
      51
      37
      58
      55
      58
      47
      48
      57
      45
      44
      44
      41
      42
      51
      45
      43
      52
      36
      52
      48
      40
      43
      53
      43
      49
      44
      44
      33
      31
      44
      58
      49
      59
      44
      42
      32
      44
      36
      50
      44
      42
      48
      44
      36
      40
      45
      42
      32
      61
      42
      45
      42
      55
      41
      47
      39
      49
      46
      37
      50
      44
      49
      46
      58
      55
      41
      49
      40
      45
      35
      40
      48
      44
      40
      37
      41
      38
      38
      38
      36
      30
      33
      30
      31
      45
      49
      31
      32
      42
      32
      34
      40
      36
      44
      44
      34
      42
      45
      35
      30
      41
      40
      34
      39
      36
      30
      34
      33
      38
      38
      41
      34
      37
      37
      45
      53
      42
      45
      51
      44
      44
      36
      46
      68
      63
      51
      48
      82
      61
      62
      59
      58
      52
      57
      65
      72
      75
      56
      71
      63
      76
      65
      74
      79
      82
      84
      72
      80
      74
      78
      79
      67
      99
      88
      94
     110
      98
     103
     116
      93
     122
     141
     159
     188
     236
     239
     304
     332
     361
     409
     495
     542
     653
     764
     814
    1010
    1123
    1341
    1500
    1806
    2058
    2403
    2716
    3144
    3553
    4043
    4567
    4948
    5241
    5454
    5797
    5675
    5739
    5513
    5276
    5089
    4623
    4154
    3676
    3334
    2858
    2544
    2200
    1863
    1573
    1371
    1180
    1121
     953
     819
     654
     595
     514
     483
     373
     340
     256
     208
     175
     136
     110
      75
      75
      62
      42
      42
      20
      30
      11
      17
      13
       9
       9
      12
      11
      13
       6
       9
       7
       8
      11
       4
       9
       8
      12
      13
      10
       7
       4
       4
       4
       8
       3
       3
       4
       6
       6
       6
       0
       5
       1
       2
       3
       5
       1
       3
       4
       3
       3
       6
       2
       1
       7
       1
       5
       1
       5
       2
       3
       3
       2
       3
       0
       5
       2
       1
       5
       5
       4
       1
       1
       0
       2
       5
       4
       6
       4
       5
       4
       2
       2
       3
       5
       4
       4
       4
       3
       2
       4
       2
       2
       1
       3
       3
       3
       4
       3
       0
       3
       3
       2
       2
       1
       3
       5
       2
       3
       2
       5
       1
       1
       4
       2
       2
       2
       1
       0
       2
       2
       3
       1
       1
       2
       1
       2
       1
       2
       3
       2
       3
       3
       0
       1
       4
       1
       0
       2
       2
       1
       1
       1
       2
       0
       1
       1
       0
       2
       3
       1
       2
       1
       3
       3
       2
       1
       4
       2
       1
       0
       0
       0
       2
       1
       4
       1
       2
       0
       0
       3
       3
       1
       1
       3
       2
       0
       2
       7
       2
       1
       3
       2
       3
       2
       0
       4
       1
       3
       5
       5
       3
       7
       5
       3
       1
       5
       5
       6
       9
       2
       5
       5
       4
       5
       3
       3
       6
       6
       0
       1
       4
       3
       5
       6
       3
       3
       3
       6
       3
       8
       4
       2
       3
       3
       3
       6
       5
       3
       3
       2
       4
       3
       1
       0
       2
       2
       1
       6
       1
       4
       4
       1
       1
       7
       3
       7
       1
       3
       0
       2
       0
       3
       4
       0
       0
       0
       1
       2
       1
       4
       3
       3
       5
       1
       2
       2
       3
       3
       4
       3
       0
       1
       3
       0
       4
       1
       3
       2
       3
       2
       1
       4
       7
       3
       2
       1
       0
       1
       3
       1
       6
       3
       6
       4
       4
       2
       5
       3
       2
       5
       3
       6
       3
       1
       4
       1
       7
       6
       1
       5
       2
       2
       2
       1
       1
       1
       5
       4
       2
       2
       2
       0
       0
       2
       1
       0
       2
       0
       1
       2
       0
       1
       1
       1
       0
       1
       0
       1
       1
       0
       2
       1
       0
       0
       0
       1
       0
       1
       0
       0
       0
       2
       2
       1
       0
       0
       0
       0
       1
       0
       1
       0
       1
       0
       0
       0
       1
       2
       0
       0
       0
       0
       0
       0
       0
       1
       0
       0
       0
       0
       0
       0
       0
       1
       0
       0
       0
       0
       0
       0
       0
       0
       0
       0
       0
       0
       0
       0
       0
       0
       0
       0
       0
       0
       0
       1
       0
       0
       0
       0
       0
       0
       0
       0
       0
       0
       0
       0
       0
       0
       0
       0
       1
       0
       0
       0
       0
       0
       1
       0
       1
       0
       0
       0
       0
       0
       0
       0
       0
       0
       0
       0
       0
       0
       0
       0
       0
       0
       0
       0
       0
       0
       0
       0
       0
       0
       0
       0
       1
       0
       0
       0
       0
       0
       0
       0
       0
       0
       0
       0
       0
       0
       0
       0
       0
       0
       0
       0
       0
       0
       1
       0
       0
       0
       0
       1
       0
       0
       0
       0
       0
       1
       0
       1
       1
       0
       0
       0
       0
       0
       0
       0
       0
       0
       0
       0
       0
       0
       0
       0
       1
       0
       0
       0
       1
       0
       1
       0
       1
       0
       0
       0
       1
       1
       0
       0
       0
       0
       1
       0
       0
       0
       0
       1
       1
       0
       0
       0
       0
       0
       1
       1
       0
       0
       0
       0
       0
       0
       0
       0
       0
       0
       0
       0
       0
       0
       0
       0
       0
       0
       0
       0
       0
       0
       0
       0
       0
       1
       0
       0
       0
       0
       0
       0
       0
       0
       0
       0
       0
       0
       0
       0
       0
       0
       0
       0
       0
       0
       0
       0
       0
       0
       0
       0
       0
       0
       0
       0
       0
       0
       0
       0
       0
       0
       2
       0
       1
       0
       0
       0
       0
       0
       0
       0
       0
       0
       1
       0
       0
       0
       1
       0
       0
       0
       0
       1
       0
       0
       0
       0
       0
       0
       0
       0
       0
       0
       0
       0
       0
       0
       0
       0
       0
       0
       0
       0
       1
       0
       1
       0
       0
       0
       0
       0
       0
       0
       0
       0
       0
       0
       0
       0
       0
       0
       0
       0
       0
       0
       0
       0
       0
       0
       0
       0
       0
       0
       0
       0
       0
       0
       0
       0
       0
       0
       0
       0
       0
       0
       0
       0
       0
       0
       0
       0
       0
       0
       0
       0
       0
       0
       0
       0
       1
       0
       0
       0
       1
       0
       0
       0
       0
       0
       0
       0
       0
       0
       0
       0
       0
       0
       0
       0
       1
       0
       0
       0
       0
       0
       0
       0
       0
       0
       0
       0
       0
       0
       0
       0
       0
       0
       0
       0
       0
       0
       0
       0
       0
       0
       0
       0
       0
       0
       0
       0
       0
       0
       0
       0
       0
       0
       0
       0
       0
       0
       0
       0
       0
       0
       0
       0
       0
       0
       0
       0
       0
       0
       0
       0
       0
       0
       0
       0
       0
       0
       0
       0
       0
       0
       0
       0
       0
       0
       1
       0
       0
       0
       1
       0
       0
       0
       0
       0
       1
       0
       0
       0
       0
       0
       0
       0
       0
       0
       0
       0
       0
       0
       0
       0
       0
       0
       0
       0
       1
       0
       0
       0
       1
       0
       0
       0
       0
       0
       0
       0
       0
       0
       0
       0
       0
       0
       0
       0
       0
       0
       0
       0
       0
       1
       0
       0
       0
       0
       0
       0
       0
       0
       1
       0
       0
       0
       0
       0
       0
       0
       0
       0
       0
       0
       0
       0
       0
       0
       0
       0
       1
       0
       0
       0
       0
       0
       0
       0
       0
       0
       0
       0
       0
       0
       0
       0
       0
       0
       0
       0
       0
       0
       0
       0
       0
       0
       0
       0
       0
       0
       0
       0
       0
       0
       0
       0
       0
       0
       0
       0
       0
       0
       0
       0
       0
       0
       0
       0
       0
       0
       0
       0
       0
       0
       0
       0
       0
       0
       0
       0
       0
       0
       0
       0
       0
       0
       0
       0
       0
       0
       0
       0
       0
       0
       0
       0
       0
       0
       1
       0
       0
       1
       0
       0
       0
       0
       0
       0
       0
       0
       0
       0
       0
       0
       0
       0
       0
       0
       0
       0
       0
       0
       0
       0
       0
       0
       0
       0
       0
       0
       0
       0
       0
       0
       0
       0
       0
       1
       0
       0
       0
       0
       0
       0
       0
       0
       0
       0
       1
       0
       0
       0
       0
       0
       0
       0
       0
       0
       0
       0
       0
       0
       0
       0
       0
       0
       0
       0
       0
       1
       0
       0
       0
       0
       0
       0
       0
       0
       0
       0
       0
       0
       0
       0
       0
       0
       0
       0
       0
       0
       0
       0
       0
       0
       0
       0
       0
       0
       0
       0
       0
       0
       0
       0
       0
       0
       0
       0
       0
       0
       0
       0
       0
       0
       0
       0
       0
       0
       0
       0
       0
       0
       0
       0
       0
       0
       0
       0
       0
       0
       0
       0
       0
       0
       0
       0
       0
       0
       0
       0
       0
       0
       0
       0
       0
       0
       0
       0
       0
       0
       0
       0
       0
       0
       1
       1
       0
       0
       0
       0
       0
       0
       0
       0
       0
       0
       0
       0
       0
       0
       0
       0
       0
       0
       0
       0
       0
       0
       0
       0
       0
       0
       0
       0
       0
       0
       0
       0
       0
       0
       0
       0
       0
       0
       0
       0
       0
       0
       0
       0
       0
       0
       0
       0
       0
       0
       0
       0
       0
       0
       0
       0
       0
       0
       0
       0
       0
       0
       0
       0
       0
       0
       0
       0
       0
       0
       0
       0
       0
       0
       0
       0
       0
       0
       0
       0
       0
       0
       0
       0
       0
       0
       0
       0
       0
       0
       0
       0
       0
       0
       0
       0
       0
       0
       0
       0
       0
       0
       0
       0
       0
       0
       0
       0
       0
       0
       0
       0
       0
       0
       0
       0
       0
       0
       0
       0
       0
       0
       0
       0
       0
       0
       0
       0
       0
       0
       0
       0
       0
       0
       0
       0
       0
       0
       0
       0
       0
       0
       0
       0
       0
       0
       0
       0
       0
       0
       0
       0
       0
       0
       0
       0
       0
       0
       0
       0
       0
       0
       0
       0
       0
       0
       0
       0
       0
       0
       0
       0
       0
       0
       1
       0
       0
       0
       0
       0
       0
       0
       0
       0
       0
       0
       0
       0
       0
       1
       0
       0
       0
       1
       0
       0
       0
       0
       0
       0
       0
       0
       0
       0
       0
       0
       0
       0
       0
       0
       0
       0
       0
       0
       0
       0
       0
       0
       0
       0
       0
       0
       0
       0
       0
       1
       0
       0
       0
       0
       0
       0
       0
       0
       0
       0
       1
       0
       0
       0
       0
       0
       0
       0
       0
       0
       0
       0
       0
       0
       0
       0
       0
       0
       0
       0
       0
       0
       0
       0
       0
       0
       0
       0
       0
       0
       0
       0
       0
       0
       0
       0
       0
       0
       0
       1
       0
       0
       0
       0
       0
       0
       0
       0
       0
       0
       0
       0
       0
       0
       0
       0
       0
       0
       0
       0
       0
       0
       0
       0
       0
       0
       0
       0
       1
       0
       0
       0
       0
       0
       0
       0
       0
       0
       0
       0
       0
       0
       0
       0
       0
       0
       0
       0
       0
       0
       0
       0
       0
       0
       0
       0
       0
       0
       0
       0
       0
       0
       0
       0
       0
       0
       0
       0
       0
       0
       0
       0
       0
       0
       0
       0
       0
       0
       0
       0
       0
       0
       0
       0
       0
       0
       0
       0
       0
       0
       0
       0
       0
       0
       0
       0
       0
       0
       0
       0
       0
       0
       0
       0
       0
       0
       0
       0
       0
       0
       0
       0
       0
       0
       0
       0
       0
       0
       0
       0
       0
       0
       0
       0
       0
       0
       1
       0
       0
       0
       0
       0
       0
       0
       0
       0
       0
       0
       0
       0
       0
       0
       0
       0
       0
       0
       0
       0
       0
       0
       0
       0
       0
       0
       0
       0
       0
       0
       0
       0
       0
       0
       0
       0
       0
       0
       0
       0
       0
       0
       0
       0
       0
       0
       0
       0
       0
       0
       0
       0
       0
       0
       0
       0
       0
       1
       0
       0
       0
       0
       0
       0
       0
       0
       0
       0
       0
       0
       0
       0
       0
       0
       0
       0
       0
       0
       0
       0
       0
       0
       0
       0
       0
       0
       0
       0
       0
       0
       0
       0
       0
       0
       0
       0
       0
       0
       0
       0
       0
       0
       0
       0
       0
       0
       0
       0
       0
       0
       0
       0
       0
       0
       0
       0
       0
       0
       0
       0
       0
       0
       0
       0
       1
       0
       0
       0
       0
       0
       0
       0
       0
       0
       0
       0
       0
       0
       0
       0
       0
       0
       0
       0
       0
       0
       0
       0
       0
       0
       0
       0
       0
       0
       0
       0
       0
       0
       0
       0
       0
       0
       0
       0
       0
       0
       0
$ROI:
1
310 370
$PRESETS:
Real Time
240
0
$ENER_FIT:
0.000000 0.000000
$MCA_CAL:
3
0.000000E+000 0.000000E+000 0.000000E+000 
$SHAPE_CAL:
3
0.000000E+000 0.000000E+000 0.000000E+000
