$SPEC_ID:
No sample description was entered.
$SPEC_REM:
DET# 1
DETDESC# LAB4D1 Easy-MCA-2k SN 14311467
AP# Maestro Version 7.01
$DATE_MEA:
11/29/2022 16:35:47
$MEAS_TIM:
218 240
$DATA:
0 2047
       0
       0
       0
       0
       0
       0
       0
       0
       0
       0
       0
       0
       0
       0
       0
       0
       0
       0
       0
       0
       0
      11
   80833
  111084
   89856
   73878
   59414
   46503
   36219
   27708
   20932
   16499
   12798
   10332
    8512
    7505
    6804
    6309
    6013
    5906
    5873
    5681
    5794
    5749
    5750
    5681
    5559
    5459
    5586
    5245
    5180
    5145
    5032
    4921
    4638
    4496
    4306
    4096
    3928
    3667
    3474
    3267
    3238
    2895
    2716
    2602
    2394
    2218
    1979
    1917
    1735
    1547
    1415
    1287
    1252
    1171
    1028
     974
     861
     829
     755
     740
     676
     678
     654
     585
     599
     593
     570
     541
     566
     567
     603
     559
     614
     548
     567
     571
     550
     576
     552
     545
     522
     507
     467
     464
     479
     454
     380
     378
     385
     344
     324
     327
     327
     286
     304
     346
     299
     299
     251
     298
     238
     217
     222
     221
     219
     197
     187
     209
     181
     192
     183
     172
     191
     177
     173
     188
     176
     191
     229
     230
     230
     238
     260
     304
     287
     267
     233
     271
     231
     263
     267
     247
     211
     202
     176
     174
     172
     146
     151
     140
     129
     124
     117
     128
     112
     110
      98
      97
      96
      86
      80
     113
      90
     105
      91
      83
      99
     102
     105
     102
      87
      97
      97
      90
      96
      84
      93
      81
     103
      95
     101
      97
     103
      89
     108
      96
      83
      84
      85
      92
      82
      82
      59
      85
      73
      80
      77
      77
      81
      78
      75
      81
      78
      67
      74
      89
      60
      76
      70
      81
      66
      62
      68
      53
      84
      79
      55
      75
      50
      59
      77
      65
      66
      71
      84
      64
      78
      80
      85
      75
      62
      84
      71
      92
      83
      86
      89
      96
      84
      75
      80
      76
      80
      71
      90
      67
      79
      72
      79
      96
      86
      91
      82
      87
      95
      85
     120
     104
     107
     101
     123
     117
     117
     113
     136
     123
     132
     159
     145
     143
     139
     167
     142
     152
     156
     168
     161
     147
     155
     187
     176
     172
     204
     157
     192
     189
     191
     187
     198
     206
     230
     211
     232
     230
     230
     286
     287
     294
     402
     391
     467
     528
     624
     702
     810
     909
    1002
    1204
    1328
    1559
    1822
    1990
    2370
    2777
    3147
    3791
    4248
    4928
    5775
    6591
    7436
    8194
    9166
   10033
   10685
   10993
   11593
   11528
   11374
   11251
   10518
    9889
    9344
    8306
    7511
    6625
    5733
    5059
    4399
    3861
    3332
    2721
    2392
    2086
    1768
    1581
    1396
    1232
    1061
     917
     838
     647
     556
     481
     344
     289
     260
     192
     144
     135
      93
     105
      71
      66
      79
      66
      46
      49
      40
      53
      42
      58
      47
      52
      36
      45
      43
      34
      27
      38
      40
      27
      26
      30
      24
      25
      29
      27
      21
      18
      23
      14
      11
      14
      17
      13
      10
      10
      10
       7
       7
      10
       5
      10
       8
      17
       8
       6
       7
       8
       9
      14
       8
       6
       8
       7
       8
       8
      13
       5
      12
      12
      13
      13
       9
      10
      10
      10
      12
       9
      15
      13
      12
      14
       9
      10
       8
       9
       6
      11
      11
      13
       9
      12
       8
      10
       7
       7
      12
       3
       8
       9
      10
       3
       9
       7
       6
      10
       9
       5
       8
       6
       7
       9
       7
       6
      12
       6
       5
       8
       8
       8
      11
       8
       7
       5
      10
       6
       7
      10
      10
       6
       5
       7
       5
       7
       4
       3
      11
       4
       6
       9
      12
      11
      12
       6
       4
       5
       8
       9
       5
       8
       2
       5
       1
       5
       5
      10
       5
       2
       3
       7
       8
       5
       5
       4
       6
       6
       4
       6
       6
       6
       3
       6
       6
       5
       9
       4
       6
       5
       7
       6
       7
      11
       3
      10
      12
       9
       4
       6
      11
       7
       6
       9
       3
      10
      14
       6
       7
       5
      10
       6
       7
       6
       9
      11
       9
       5
      12
      13
       7
      14
      13
      10
       9
       8
       9
      15
      11
       6
       7
       6
       9
      15
       8
      12
       6
      16
      12
      11
      14
       9
      10
       9
       8
       7
       9
      10
       5
      11
       4
       6
      12
       7
       9
       4
       4
      10
       9
       9
       8
       9
       6
       5
       8
      12
      13
       7
       5
       6
       9
       9
       6
      13
       4
       7
       8
      10
      10
       6
       7
      10
      10
       7
      17
       7
       6
       9
       9
      16
      11
       4
       9
      10
       8
      13
       9
      13
       1
       5
       7
       7
      11
       7
      13
      10
       9
      12
       8
      10
      18
       8
      16
      15
      13
      10
      16
      12
      12
      13
      14
      10
       8
      17
      11
      28
      13
      15
      12
      15
      15
       9
       8
       7
       9
       6
       8
       4
       1
       7
       3
       4
       4
       1
       2
       0
       0
       3
       4
       2
       1
       1
       2
       0
       1
       2
       0
       1
       3
       1
       1
       0
       0
       0
       0
       0
       2
       1
       0
       1
       1
       0
       0
       1
       0
       1
       0
       0
       0
       0
       0
       0
       0
       0
       0
       0
       0
       0
       0
       0
       1
       0
       0
       0
       1
       0
       0
       0
       0
       0
       1
       0
       1
       0
       0
       0
       0
       0
       1
       0
       0
       0
       1
       0
       0
       0
       0
       1
       0
       1
       0
       0
       0
       0
       0
       0
       0
       0
       1
       0
       0
       0
       0
       0
       0
       0
       0
       0
       1
       0
       0
       0
       1
       0
       0
       0
       0
       0
       0
       1
       3
       2
       0
       0
       0
       0
       1
       0
       0
       0
       0
       0
       0
       0
       0
       0
       0
       1
       0
       0
       0
       0
       1
       0
       0
       0
       0
       0
       1
       0
       0
       0
       1
       0
       0
       0
       0
       0
       0
       0
       0
       0
       0
       0
       0
       0
       0
       2
       0
       0
       0
       0
       0
       0
       1
       1
       0
       0
       0
       0
       0
       0
       0
       0
       0
       1
       0
       0
       0
       0
       0
       0
       0
       0
       1
       0
       0
       0
       0
       0
       0
       0
       0
       1
       0
       0
       0
       1
       0
       0
       0
       1
       0
       0
       0
       0
       0
       0
       0
       0
       0
       0
       2
       0
       1
       0
       1
       0
       0
       0
       0
       0
       0
       0
       0
       0
       0
       0
       0
       1
       1
       0
       1
       0
       0
       0
       0
       0
       0
       0
       0
       0
       0
       0
       2
       0
       0
       0
       0
       0
       1
       0
       0
       0
       0
       0
       0
       0
       0
       0
       2
       0
       0
       0
       0
       0
       0
       0
       0
       0
       0
       0
       0
       0
       0
       0
       0
       0
       0
       0
       0
       0
       0
       1
       0
       0
       1
       0
       0
       0
       0
       1
       0
       0
       0
       0
       0
       0
       2
       1
       0
       0
       0
       0
       0
       0
       0
       0
       0
       0
       0
       0
       0
       0
       0
       0
       0
       0
       0
       0
       0
       0
       0
       0
       1
       0
       0
       0
       0
       0
       0
       0
       1
       0
       0
       0
       1
       0
       0
       0
       0
       1
       1
       0
       0
       0
       1
       0
       0
       0
       1
       1
       0
       0
       0
       0
       0
       0
       0
       0
       0
       0
       0
       0
       0
       0
       0
       0
       0
       0
       0
       0
       0
       0
       0
       0
       0
       0
       0
       0
       0
       0
       0
       0
       0
       0
       0
       0
       0
       0
       0
       0
       0
       0
       0
       0
       0
       0
       0
       0
       0
       0
       0
       0
       0
       0
       0
       0
       0
       0
       0
       0
       0
       0
       0
       0
       0
       0
       0
       0
       0
       0
       0
       1
       0
       0
       0
       0
       0
       0
       0
       0
       0
       0
       0
       0
       1
       0
       0
       0
       0
       0
       1
       0
       0
       0
       0
       0
       0
       0
       0
       0
       0
       0
       0
       0
       0
       0
       0
       0
       1
       0
       1
       0
       1
       0
       1
       0
       0
       0
       0
       0
       0
       1
       0
       0
       0
       0
       0
       0
       0
       0
       0
       1
       0
       0
       0
       0
       0
       0
       0
       0
       0
       0
       1
       1
       0
       0
       0
       0
       1
       1
       0
       0
       0
       0
       0
       0
       0
       0
       0
       0
       0
       0
       0
       0
       0
       0
       0
       0
       0
       0
       0
       1
       0
       0
       0
       0
       0
       0
       0
       0
       0
       0
       0
       0
       0
       0
       0
       0
       0
       0
       0
       0
       0
       0
       1
       0
       0
       0
       0
       0
       0
       0
       0
       0
       0
       0
       0
       0
       0
       0
       0
       0
       0
       0
       0
       0
       0
       0
       0
       0
       0
       0
       0
       0
       0
       0
       0
       0
       0
       0
       0
       0
       0
       0
       0
       1
       0
       0
       0
       0
       0
       0
       0
       0
       0
       0
       0
       1
       1
       0
       0
       0
       0
       0
       0
       0
       1
       0
       0
       0
       0
       0
       0
       0
       0
       0
       0
       0
       0
       0
       0
       0
       0
       0
       0
       0
       0
       0
       0
       0
       0
       0
       1
       0
       0
       0
       0
       0
       0
       0
       0
       0
       1
       0
       1
       0
       0
       0
       0
       0
       0
       0
       0
       0
       0
       0
       0
       0
       0
       0
       0
       0
       1
       0
       0
       0
       0
       0
       0
       0
       0
       0
       0
       0
       0
       0
       0
       0
       0
       0
       0
       0
       0
       0
       0
       0
       0
       0
       0
       0
       0
       0
       0
       0
       0
       0
       0
       0
       0
       0
       0
       0
       0
       0
       0
       0
       0
       0
       0
       0
       0
       0
       0
       0
       0
       0
       0
       0
       0
       0
       0
       0
       0
       0
       0
       0
       0
       0
       0
       0
       1
       0
       0
       0
       0
       0
       0
       0
       0
       0
       0
       1
       0
       0
       0
       0
       0
       0
       0
       0
       0
       0
       0
       0
       0
       0
       0
       0
       0
       0
       0
       0
       0
       0
       0
       0
       0
       0
       0
       0
       0
       0
       0
       0
       0
       0
       0
       0
       0
       0
       0
       0
       0
       0
       0
       0
       0
       0
       0
       0
       1
       0
       0
       0
       0
       0
       0
       0
       0
       0
       0
       0
       0
       0
       0
       0
       0
       0
       0
       0
       0
       0
       0
       0
       0
       0
       0
       0
       0
       0
       0
       0
       0
       0
       0
       0
       0
       0
       0
       1
       0
       0
       0
       0
       0
       0
       0
       0
       0
       0
       0
       0
       0
       0
       0
       0
       0
       0
       0
       0
       0
       0
       0
       0
       0
       0
       0
       1
       0
       0
       0
       0
       1
       0
       0
       0
       0
       0
       0
       0
       0
       0
       0
       0
       0
       0
       0
       0
       1
       0
       0
       0
       0
       0
       0
       0
       0
       0
       0
       0
       0
       0
       0
       0
       0
       0
       1
       0
       0
       0
       0
       0
       0
       0
       0
       0
       0
       0
       1
       0
       0
       0
       0
       0
       0
       0
       0
       0
       0
       0
       0
       0
       0
       0
       0
       0
       0
       0
       0
       1
       0
       0
       0
       0
       0
       0
       0
       0
       0
       0
       0
       0
       0
       0
       0
       0
       0
       0
       0
       0
       1
       0
       0
       0
       0
       0
       0
       0
       0
       0
       0
       0
       0
       0
       0
       0
       0
       0
       0
       0
       0
       0
       0
       0
       0
       0
       0
       0
       0
       0
       0
       0
       0
       0
       0
       0
       0
       0
       0
       0
       0
       0
       0
       0
       0
       0
       0
       0
       0
       0
       0
       0
       0
       0
       0
       0
       0
       0
       0
       0
       0
       0
       0
       0
       0
       0
       0
       0
       0
       0
       0
       0
       0
       0
       0
       0
       0
       0
       0
       0
       0
       0
       0
       0
       0
       0
       0
       0
       0
       0
       0
       0
       0
       0
       0
       0
       0
       0
       0
       0
       0
       0
       0
       0
       0
       0
       0
       0
       0
       0
       0
       0
       0
       0
       0
       0
       0
       0
       0
       0
       0
       0
       0
       0
       0
       0
       0
       0
       0
       0
       0
       0
       0
       0
       0
       0
       0
       0
       0
       0
       0
       0
       0
       0
       0
       0
       0
       0
       0
       0
       0
       0
       0
       0
       0
       0
       0
       0
       0
       0
       0
       0
       0
       0
       0
       0
       0
       0
       0
       0
       0
       0
       0
       0
       0
       0
       0
       0
       0
       0
       0
       0
       0
       0
       0
       0
       0
       0
       0
       0
       0
       0
       0
       0
       0
       0
       0
       0
       0
       0
       0
       0
       0
       0
       1
       1
       0
       0
       0
       0
       0
       0
       0
       0
       0
       0
       0
       0
       0
       0
       0
       0
       0
       0
       0
       0
       0
       0
       0
       0
       0
       0
       0
       0
       0
       0
       0
       0
       0
       0
       0
       0
       0
       0
       0
       0
       0
       0
       0
       0
       0
       0
       0
       0
       0
       0
       0
       0
       0
       0
       0
       0
       0
       0
       0
       0
       0
       0
       0
       0
       0
       0
       0
       0
       0
       0
       0
       0
       0
       0
       0
       0
       0
       0
       0
       0
       0
       0
       0
       0
       0
       0
       0
       0
       0
       0
       0
       0
       0
       0
       0
       0
       1
       0
       0
       0
       1
       0
       0
       0
       0
       0
       0
       0
       0
       0
       0
       0
       0
       0
       0
       0
       0
       0
       0
       0
       0
       0
       0
       0
       0
       0
       0
       1
       0
       0
       0
       0
       0
       0
       0
       0
       0
       0
       0
       0
       0
       0
       0
       0
       0
       0
       0
       0
       0
       0
       0
       0
       0
       0
       0
       0
       0
       0
       0
       0
       0
       0
       0
       0
       0
       0
       0
       0
       0
       0
       0
       0
       0
       0
       0
       0
       0
       0
       0
       0
       0
       0
       0
       0
       0
       0
       0
       0
       0
       0
       0
       0
       0
       0
       0
       0
       0
       0
$ROI:
1
310 370
$PRESETS:
Real Time
240
0
$ENER_FIT:
0.000000 0.000000
$MCA_CAL:
3
0.000000E+000 0.000000E+000 0.000000E+000 
$SHAPE_CAL:
3
0.000000E+000 0.000000E+000 0.000000E+000
