Threshold(mV) Counts
     0         90105
     5        107700
    10        109587
    15        110458
    20        117386
    25        114744
    30        114403
    35        116476
    40        119597
    45        119975
    50        119259
    55        118216
    60        117216
    65        116730
    70        117117
    75        115727
    80        115247
    85        115499
    90        113608
    95         96258
   100         39440
   105          7756
   110          4756
   115          4658
   120          4128
   125          3587
   130          3057
   135          2399
   140          1915
   145          1609
   150          1447
   155          1389
   160          1362
   165          1300
   170          1251
   175          1223
   180          1195
   185          1168
   190          1076
   195          1014
   200           829
   205           519
   210           190
   215            75
   220            47
   225            40
   230            48
   235            32
   240            29
   245            28
   250            23
   255            27
   260            18
   265            18
   270            14
   275            20
   280            11
   285            14
   290            17
   295            11
   300            13
   305             2
   310             3
   315             4
   320             2
   325             0
   330             1
   335             0
   340             2
   345             0
   350             2
