#Threshold(mV) Counts
     0         48170
     5         83096
    10         85438
    15         85622
    20         86643
    25         86964
    30         88372
    35         88145
    40         87937
    45         87468
    50         87154
    55         87174
    60         85190
    65         65323
    70         17904
    75          3764
    80          3152
    85          2736
    90          2507
    95          2197
   100          2047
   105          2032
   110          1947
   115          1935
   120          1867
   125          1830
   130          1714
   135          1690
   140          1251
   145           649
   150           194
   155            82
   160            74
   165            84
   170            87
   175            59
   180            54
   185            65
   190            55
   195            54
   200            66
   205            42
   210            53
   215            20
   220            12
   225             5
   230             3
   235             3
   240             1
   245             3
   250             1
