Threshold(mV) Counts
     0        112044
     5        135574
    10        137942
    15        139119
    20        144001
    25        196835
    30        166392
    35        148683
    40        151020
    45        156272
    50        158985
    55        161838
    60        162189
    65        159172
    70        158275
    75        157449
    80        154571
    85        154209
    90        152698
    95        152425
   100        150557
   105        149596
   110        150160
   115        149082
   120        148401
   125        145675
   130        115998
   135         47038
   140         13932
   145         10629
   150          9937
   155          9222
   160          8377
   165          7547
   170          6821
   175          5621
   180          4652
   185          3713
   190          3177
   195          3038
   200          2937
   205          2813
   210          2659
   215          2624
   220          2491
   225          2444
   230          2430
   235          2321
   240          2225
   245          2168
   250          2116
   255          2097
   260          1944
   265          1622
   270          1034
   275           549
   280           252
   285           193
   290           176
   295           147
   300           138
   305           127
   310            99
   315            90
   320            94
   325            76
   330            74
   335            67
   340            54
   345            54
   350            61
   355            58
   360            54
   365            55
   370            44
   375            48
   380            36
   385            49
   390            35
   395            37
   400            37
   405            15
   410            12
   415             5
   420             4
   425             6
   430             2
   435             2
   440             4
   445             4
   450             4
