Threshold(mV) Counts
     0        164762
     5        195097
    10        199867
    15        201718
    20        202712
    25        205854
    30        207965
    35        270474
    40        367917
    45        381958
    50        329313
    55        253369
    60        259125
    65        262724
    70        270005
    75        281587
    80        286106
    85        289373
    90        286767
    95        285819
   100        280609
   105        277034
   110        272938
   115        270607
   120        265721
   125        262995
   130        258738
   135        257596
   140        256527
   145        256871
   150        255321
   155        250541
   160        247596
   165        245590
   170        243864
   175        241080
   180        239998
   185        238027
   190        236397
   195        215985
   200        141488
   205         63028
   210         40476
   215         37586
   220         36288
   225         34809
   230         34153
   235         32930
   240         30518
   245         29598
   250         28234
   255         26409
   260         23903
   265         22105
   270         19235
   275         16737
   280         14969
   285         13344
   290         12755
   295         11947
   300         11347
   305         10750
   310         10284
   315          9817
   320          9394
   325          9256
   330          8768
   335          8462
   340          8087
   345          8108
   350          7644
   355          7472
   360          7265
   365          7052
   370          6748
   375          6576
   380          6484
   385          6361
   390          5457
   395          4081
   400          2357
   405          1480
   410          1272
   415          1261
   420          1162
   425          1103
   430          1003
   435          1018
   440           942
   445           833
   450           785
   455           741
   460           700
   465           636
   470           576
   475           578
   480           448
   485           441
   490           427
   495           388
   500           409
   505           351
   510           309
   515           326
   520           327
   525           312
   530           281
   535           279
   540           284
   545           271
   550           251
   555           266
   560           278
   565           248
   570           185
   575           137
   580            96
   585            76
   590            50
   595            46
   600            54
