Threshold(mV) Counts
     0         53636
     5         80369
    10         82084
    15         82955
    20         84141
    25         84467
    30         85334
    35         84422
    40         84537
    45         84005
    50         83635
    55         82619
    60         65229
    65         16122
    70          2069
    75          1467
    80          1302
    85           842
    90           600
    95           524
   100           528
   105           457
   110           455
   115           465
   120           443
   125           428
   130           293
   135           156
   140            30
   145             6
   150             4
   155             1
   160             5
   165             0
   170             6
   175             3
   180             1
   185             4
   190             2
   195             3
   200             1
   205             0
   210             0
   215             0
   220             0
   225             0
   230             0
   235             0
   240             0
   245             0
   250             0
