Threshold(mV) Counts
     0        140366
     5        167253
    10        169950
    15        170385
    20        171720
    25        173130
    30        214886
    35        313834
    40        282250
    45        200757
    50        200347
    55        205665
    60        211301
    65        216601
    70        218972
    75        218411
    80        217400
    85        213532
    90        210893
    95        206949
   100        205294
   105        202426
   110        201004
   115        200720
   120        200445
   125        199746
   130        196995
   135        196265
   140        194554
   145        193263
   150        190953
   155        189836
   160        186569
   165        156460
   170         79398
   175         29704
   180         21862
   185         20624
   190         19701
   195         18891
   200         17371
   205         16334
   210         15243
   215         13626
   220         12178
   225         10403
   230          9608
   235          8155
   240          7127
   245          6753
   250          6174
   255          5907
   260          5879
   265          5398
   270          5049
   275          5144
   280          4783
   285          4670
   290          4392
   295          4289
   300          4234
   305          4050
   310          3983
   315          3948
   320          3742
   325          3574
   330          3111
   335          1999
   340          1571
   345           757
   350           524
   355           461
   360           474
   365           451
   370           426
   375           394
   380           344
   385           327
   390           302
   395           253
   400           226
   405           200
   410           182
   415           173
   420           179
   425           163
   430           138
   435           151
   440           157
   445           139
   450           125
   455           123
   460           111
   465           116
   470           124
   475           114
   480           106
   485            91
   490            67
   495            39
   500            20
