#Threshold(mV) Counts
     0        141485
     5        165743
    10        168726
    15        169865
    20        171076
    25        173431
    30        219707
    35        306081
    40        245394
    45        195677
    50        199381
    55        204597
    60        214559
    65        220989
    70        223037
    75        224774
    80        220837
    85        218181
    90        213399
    95        209117
   100        207250
   105        205317
   110        204764
   115        205493
   120        204272
   125        203072
   130        200836
   135        198988
   140        196653
   145        195850
   150        194933
   155        192804
   160        184811
   165        134695
   170         62770
   175         37096
   180         34008
   185         33294
   190         31726
   195         31023
   200         29876
   205         28767
   210         26804
   215         25896
   220         24239
   225         22450
   230         21968
   235         20448
   240         19879
   245         19032
   250         18543
   255         18378
   260         18339
   265         17551
   270         17395
   275         16996
   280         16471
   285         16432
   290         16062
   295         15758
   300         15779
   305         15370
   310         15189
   315         14700
   320         14368
   325         13138
   330         10128
   335          6204
   340          4772
   345          3681
   350          3483
   355          3384
   360          3114
   365          3045
   370          2980
   375          2843
   380          2769
   385          2636
   390          2477
   395          2398
   400          2279
   405          2203
   410          2111
   415          2148
   420          2060
   425          1962
   430          1956
   435          1962
   440          1908
   445          1966
   450          1835
   455          1888
   460          1768
   465          1750
   470          1687
   475          1645
   480          1426
   485          1269
   490           907
   495           611
   500           433
