Voltage(V) Current(nA)
  0.00    1.88543200
  1.00    3.06826300
  2.00    3.56488700
  3.00    3.66792000
  4.00    3.85956300
  5.00    4.28406400
  6.00    4.46952500
  7.00    4.22636500
  8.00    4.74771600
  9.00    4.66322800
 10.00    4.78893000
 11.00    4.92493500
 12.00    5.20106500
 13.00    5.24434000
 14.00    5.40301200
 15.00    5.17015600
 16.00    5.35355600
 17.00    5.58435200
 18.00    5.61938300
 19.00    5.68944600
 20.00    5.69356700
 21.00    5.90993900
 22.00    5.65029400
 23.00    5.77187400
 24.00    6.10982500
 25.00    5.93260600
 26.00    6.04800400
 27.00    5.91818200
 28.00    6.09540100
 29.00    6.07273200
 30.00    6.21698000
 31.00    6.31589300
 32.00    6.12837100
 33.00    6.34268100
 34.00    6.38183300
 35.00    6.39007600
 36.00    6.43335100
 37.00    6.38801500
 38.00    6.52814200
 39.00    6.64972300
 40.00    6.64354100
 41.00    6.74657400
 42.00    6.83312300
 43.00    6.80015200
 44.00    6.87433500
 45.00    7.07010100
 46.00    7.09070800
 47.00    7.24731700
 48.00    7.48223600
 49.00    7.49047900
 50.00    7.62442200
 51.00    8.01595100
 52.00    9.20496200
 53.00  247.01550000
 54.00  7810.45000000
 55.00  20623.12000000
 56.00  36598.54000000
 57.00  55412.91000000
 58.00  77410.06000000
 59.00  98999999999999988926107162687274015908859740160.00000000
 60.00  98999999999999988926107162687274015908859740160.00000000
 60.00  98999999999999988926107162687274015908859740160.00000000
