LECROYHDO9204-MSöv,30454,Histogram
Segments,1,SegmentSize,200
Segment,TrigTime,TimeSinceSegment1
#1,01-Jan-2009 01:11:49,0                 
Time,Ampl
-9.96e-10,0
-9.86e-10,0
-9.76e-10,0
-9.66e-10,0
-9.56e-10,0
-9.46e-10,0
-9.36e-10,0
-9.26e-10,0
-9.16e-10,0
-9.06e-10,0
-8.96e-10,0
-8.86e-10,0
-8.76e-10,0
-8.66e-10,0
-8.56e-10,0
-8.46e-10,0
-8.36e-10,0
-8.26e-10,0
-8.16e-10,1
-8.06e-10,1
-7.96e-10,0
-7.86e-10,1
-7.76e-10,0
-7.66e-10,1
-7.56e-10,1
-7.46e-10,0
-7.36e-10,0
-7.26e-10,0
-7.16e-10,1
-7.06e-10,0
-6.96e-10,0
-6.86e-10,0
-6.76e-10,0
-6.66e-10,1
-6.56e-10,3
-6.46e-10,2
-6.36e-10,1
-6.26e-10,1
-6.16e-10,0
-6.06e-10,0
-5.96e-10,1
-5.86e-10,0
-5.76e-10,3
-5.66e-10,0
-5.56e-10,1
-5.46e-10,1
-5.36e-10,3
-5.26e-10,6
-5.16e-10,3
-5.06e-10,3
-4.96e-10,1
-4.86e-10,5
-4.76e-10,8
-4.66e-10,9
-4.56e-10,6
-4.46e-10,6
-4.36e-10,12
-4.26e-10,13
-4.16e-10,16
-4.06e-10,11
-3.96e-10,19
-3.86e-10,7
-3.76e-10,13
-3.66e-10,19
-3.56e-10,30
-3.46e-10,19
-3.36e-10,20
-3.26e-10,32
-3.16e-10,30
-3.06e-10,25
-2.96e-10,29
-2.86e-10,54
-2.76e-10,35
-2.66e-10,41
-2.56e-10,51
-2.46e-10,57
-2.36e-10,51
-2.26e-10,51
-2.16e-10,47
-2.06e-10,62
-1.96e-10,50
-1.86e-10,63
-1.76e-10,77
-1.66e-10,77
-1.56e-10,85
-1.46e-10,82
-1.36e-10,91
-1.26e-10,83
-1.16e-10,91
-1.06e-10,87
-9.6e-11,99
-8.6e-11,89
-7.6e-11,87
-6.6e-11,104
-5.6e-11,107
-4.6e-11,92
-3.6e-11,88
-2.6e-11,96
-1.6e-11,81
-6e-12,118
4e-12,85
1.4e-11,102
2.4e-11,102
3.4e-11,100
4.4e-11,86
5.4e-11,91
6.4e-11,91
7.4e-11,94
8.4e-11,98
9.4e-11,83
1.04e-10,108
1.14e-10,99
1.24e-10,75
1.34e-10,94
1.44e-10,76
1.54e-10,74
1.64e-10,87
1.74e-10,76
1.84e-10,65
1.94e-10,69
2.04e-10,65
2.14e-10,60
2.24e-10,43
2.34e-10,53
2.44e-10,49
2.54e-10,40
2.64e-10,45
2.74e-10,51
2.84e-10,36
2.94e-10,35
3.04e-10,32
3.14e-10,36
3.24e-10,26
3.34e-10,36
3.44e-10,24
3.54e-10,21
3.64e-10,21
3.74e-10,17
3.84e-10,20
3.94e-10,18
4.04e-10,17
4.14e-10,13
4.24e-10,9
4.34e-10,10
4.44e-10,6
4.54e-10,10
4.64e-10,5
4.74e-10,6
4.84e-10,6
4.94e-10,5
5.04e-10,4
5.14e-10,2
5.24e-10,4
5.34e-10,3
5.44e-10,1
5.54e-10,1
5.64e-10,6
5.74e-10,3
5.84e-10,2
5.94e-10,1
6.04e-10,1
6.14e-10,1
6.24e-10,0
6.34e-10,0
6.44e-10,1
6.54e-10,0
6.64e-10,0
6.74e-10,0
6.84e-10,0
6.94e-10,2
7.04e-10,0
7.14e-10,2
7.24e-10,0
7.34e-10,0
7.44e-10,0
7.54e-10,0
7.64e-10,0
7.74e-10,1
7.84e-10,0
7.94e-10,0
8.04e-10,0
8.14e-10,0
8.24e-10,1
8.34e-10,2
8.44e-10,0
8.54e-10,0
8.64e-10,0
8.74e-10,0
8.84e-10,0
8.94e-10,0
9.04e-10,0
9.14e-10,0
9.24e-10,0
9.34e-10,0
9.44e-10,0
9.54e-10,0
9.64e-10,0
9.74e-10,0
9.84e-10,0
9.94e-10,0
