LECROYHDO9204-MSöv,30454,Histogram
Segments,1,SegmentSize,200
Segment,TrigTime,TimeSinceSegment1
#1,01-Jan-2009 01:58:30,0                 
Time,Ampl
1.14e-09,0
1.15e-09,0
1.16e-09,0
1.17e-09,0
1.18e-09,0
1.19e-09,0
1.2e-09,0
1.21e-09,0
1.22e-09,0
1.23e-09,0
1.24e-09,0
1.25e-09,0
1.26e-09,0
1.27e-09,0
1.28e-09,0
1.29e-09,0
1.3e-09,1
1.31e-09,1
1.32e-09,0
1.33e-09,0
1.34e-09,1
1.35e-09,0
1.36e-09,1
1.37e-09,2
1.38e-09,0
1.39e-09,3
1.4e-09,0
1.41e-09,2
1.42e-09,5
1.43e-09,1
1.44e-09,1
1.45e-09,0
1.46e-09,1
1.47e-09,0
1.48e-09,0
1.49e-09,1
1.5e-09,0
1.51e-09,0
1.52e-09,3
1.53e-09,1
1.54e-09,5
1.55e-09,2
1.56e-09,3
1.57e-09,5
1.58e-09,3
1.59e-09,1
1.6e-09,3
1.61e-09,3
1.62e-09,5
1.63e-09,5
1.64e-09,9
1.65e-09,8
1.66e-09,8
1.67e-09,5
1.68e-09,12
1.69e-09,8
1.7e-09,10
1.71e-09,6
1.72e-09,10
1.73e-09,12
1.74e-09,11
1.75e-09,8
1.76e-09,19
1.77e-09,10
1.78e-09,18
1.79e-09,24
1.8e-09,19
1.81e-09,21
1.82e-09,27
1.83e-09,26
1.84e-09,18
1.85e-09,33
1.86e-09,27
1.87e-09,21
1.88e-09,24
1.89e-09,32
1.9e-09,32
1.91e-09,39
1.92e-09,36
1.93e-09,29
1.94e-09,41
1.95e-09,55
1.96e-09,52
1.97e-09,48
1.98e-09,57
1.99e-09,52
2e-09,56
2.01e-09,65
2.02e-09,59
2.03e-09,60
2.04e-09,71
2.05e-09,68
2.06e-09,65
2.07e-09,70
2.08e-09,63
2.09e-09,88
2.1e-09,80
2.11e-09,65
2.12e-09,79
2.13e-09,95
2.14e-09,89
2.15e-09,78
2.16e-09,78
2.17e-09,97
2.18e-09,89
2.19e-09,80
2.2e-09,79
2.21e-09,80
2.22e-09,84
2.23e-09,97
2.24e-09,86
2.25e-09,82
2.26e-09,82
2.27e-09,68
2.28e-09,84
2.29e-09,72
2.3e-09,72
2.31e-09,76
2.32e-09,82
2.33e-09,70
2.34e-09,80
2.35e-09,72
2.36e-09,69
2.37e-09,78
2.38e-09,62
2.39e-09,52
2.4e-09,58
2.41e-09,63
2.42e-09,49
2.43e-09,59
2.44e-09,49
2.45e-09,53
2.46e-09,59
2.47e-09,47
2.48e-09,48
2.49e-09,37
2.5e-09,40
2.51e-09,35
2.52e-09,32
2.53e-09,26
2.54e-09,36
2.55e-09,25
2.56e-09,20
2.57e-09,23
2.58e-09,29
2.59e-09,23
2.6e-09,31
2.61e-09,19
2.62e-09,15
2.63e-09,15
2.64e-09,14
2.65e-09,17
2.66e-09,13
2.67e-09,8
2.68e-09,14
2.69e-09,14
2.7e-09,9
2.71e-09,14
2.72e-09,9
2.73e-09,9
2.74e-09,3
2.75e-09,10
2.76e-09,4
2.77e-09,4
2.78e-09,2
2.79e-09,4
2.8e-09,3
2.81e-09,2
2.82e-09,1
2.83e-09,2
2.84e-09,4
2.85e-09,2
2.86e-09,1
2.87e-09,3
2.88e-09,2
2.89e-09,2
2.9e-09,1
2.91e-09,4
2.92e-09,0
2.93e-09,2
2.94e-09,2
2.95e-09,0
2.96e-09,1
2.97e-09,2
2.98e-09,1
2.99e-09,0
3e-09,0
3.01e-09,0
3.02e-09,0
3.03e-09,1
3.04e-09,0
3.05e-09,0
3.06e-09,1
3.07e-09,0
3.08e-09,0
3.09e-09,0
3.1e-09,0
3.11e-09,0
3.12e-09,0
3.13e-09,0
