LECROYHDO9204-MSöv,30454,Histogram
Segments,1,SegmentSize,200
Segment,TrigTime,TimeSinceSegment1
#1,01-Jan-2009 01:46:08,0                 
Time,Ampl
-2.36e-09,1
-2.35e-09,0
-2.34e-09,0
-2.33e-09,0
-2.32e-09,0
-2.31e-09,0
-2.3e-09,0
-2.29e-09,0
-2.28e-09,0
-2.27e-09,0
-2.26e-09,0
-2.25e-09,1
-2.24e-09,1
-2.23e-09,0
-2.22e-09,0
-2.21e-09,2
-2.2e-09,2
-2.19e-09,1
-2.18e-09,0
-2.17e-09,0
-2.16e-09,1
-2.15e-09,0
-2.14e-09,1
-2.13e-09,2
-2.12e-09,3
-2.11e-09,1
-2.1e-09,2
-2.09e-09,2
-2.08e-09,0
-2.07e-09,1
-2.06e-09,2
-2.05e-09,1
-2.04e-09,4
-2.03e-09,4
-2.02e-09,2
-2.01e-09,7
-2e-09,6
-1.99e-09,5
-1.98e-09,1
-1.97e-09,7
-1.96e-09,4
-1.95e-09,7
-1.94e-09,7
-1.93e-09,12
-1.92e-09,8
-1.91e-09,5
-1.9e-09,10
-1.89e-09,7
-1.88e-09,4
-1.87e-09,17
-1.86e-09,11
-1.85e-09,12
-1.84e-09,4
-1.83e-09,13
-1.82e-09,10
-1.81e-09,19
-1.8e-09,12
-1.79e-09,14
-1.78e-09,14
-1.77e-09,21
-1.76e-09,23
-1.75e-09,33
-1.74e-09,21
-1.73e-09,16
-1.72e-09,28
-1.71e-09,32
-1.7e-09,33
-1.69e-09,28
-1.68e-09,37
-1.67e-09,29
-1.66e-09,37
-1.65e-09,39
-1.64e-09,44
-1.63e-09,45
-1.62e-09,41
-1.61e-09,53
-1.6e-09,35
-1.59e-09,52
-1.58e-09,53
-1.57e-09,55
-1.56e-09,46
-1.55e-09,62
-1.54e-09,61
-1.53e-09,57
-1.52e-09,61
-1.51e-09,59
-1.5e-09,54
-1.49e-09,61
-1.48e-09,62
-1.47e-09,91
-1.46e-09,78
-1.45e-09,65
-1.44e-09,68
-1.43e-09,74
-1.42e-09,79
-1.41e-09,87
-1.4e-09,60
-1.39e-09,89
-1.38e-09,77
-1.37e-09,81
-1.36e-09,68
-1.35e-09,90
-1.34e-09,70
-1.33e-09,81
-1.32e-09,86
-1.31e-09,68
-1.3e-09,73
-1.29e-09,78
-1.28e-09,77
-1.27e-09,60
-1.26e-09,77
-1.25e-09,66
-1.24e-09,62
-1.23e-09,77
-1.22e-09,67
-1.21e-09,73
-1.2e-09,67
-1.19e-09,68
-1.18e-09,66
-1.17e-09,69
-1.16e-09,54
-1.15e-09,42
-1.14e-09,69
-1.13e-09,60
-1.12e-09,45
-1.11e-09,60
-1.1e-09,54
-1.09e-09,54
-1.08e-09,59
-1.07e-09,53
-1.06e-09,43
-1.05e-09,31
-1.04e-09,24
-1.03e-09,41
-1.02e-09,37
-1.01e-09,37
-1e-09,33
-9.9e-10,26
-9.8e-10,24
-9.7e-10,29
-9.6e-10,34
-9.5e-10,24
-9.4e-10,22
-9.3e-10,21
-9.2e-10,23
-9.1e-10,15
-9e-10,12
-8.9e-10,17
-8.8e-10,18
-8.7e-10,16
-8.6e-10,11
-8.5e-10,4
-8.4e-10,14
-8.3e-10,10
-8.2e-10,11
-8.1e-10,9
-8e-10,9
-7.9e-10,13
-7.8e-10,12
-7.7e-10,3
-7.6e-10,9
-7.5e-10,8
-7.4e-10,5
-7.3e-10,4
-7.2e-10,1
-7.1e-10,5
-7e-10,2
-6.9e-10,3
-6.8e-10,3
-6.7e-10,3
-6.6e-10,1
-6.5e-10,3
-6.4e-10,0
-6.3e-10,3
-6.2e-10,0
-6.1e-10,1
-6e-10,2
-5.9e-10,1
-5.8e-10,3
-5.7e-10,0
-5.6e-10,3
-5.5e-10,1
-5.4e-10,3
-5.3e-10,1
-5.2e-10,0
-5.1e-10,0
-5e-10,2
-4.9e-10,0
-4.8e-10,0
-4.7e-10,0
-4.6e-10,1
-4.5e-10,0
-4.4e-10,0
-4.3e-10,0
-4.2e-10,0
-4.1e-10,0
-4e-10,0
-3.9e-10,0
-3.8e-10,0
-3.7e-10,0
