LECROYHDO9204-MSöv,30454,Histogram
Segments,1,SegmentSize,200
Segment,TrigTime,TimeSinceSegment1
#1,01-Jan-2009 01:53:03,0                 
Time,Ampl
-2.92e-10,0
-2.82e-10,0
-2.72e-10,0
-2.62e-10,1
-2.52e-10,0
-2.42e-10,0
-2.32e-10,0
-2.22e-10,0
-2.12e-10,0
-2.02e-10,0
-1.92e-10,0
-1.82e-10,0
-1.72e-10,1
-1.62e-10,0
-1.52e-10,2
-1.42e-10,0
-1.32e-10,0
-1.22e-10,0
-1.12e-10,1
-1.02e-10,1
-9.2e-11,3
-8.2e-11,0
-7.2e-11,1
-6.2e-11,2
-5.2e-11,1
-4.2e-11,1
-3.2e-11,3
-2.2e-11,3
-1.2e-11,2
-2e-12,6
8e-12,4
1.8e-11,0
2.8e-11,8
3.8e-11,6
4.8e-11,6
5.8e-11,3
6.8e-11,8
7.8e-11,6
8.8e-11,1
9.8e-11,12
1.08e-10,2
1.18e-10,10
1.28e-10,11
1.38e-10,9
1.48e-10,15
1.58e-10,11
1.68e-10,12
1.78e-10,15
1.88e-10,9
1.98e-10,17
2.08e-10,17
2.18e-10,20
2.28e-10,13
2.38e-10,21
2.48e-10,24
2.58e-10,14
2.68e-10,17
2.78e-10,26
2.88e-10,29
2.98e-10,30
3.08e-10,30
3.18e-10,32
3.28e-10,37
3.38e-10,27
3.48e-10,20
3.58e-10,46
3.68e-10,52
3.78e-10,49
3.88e-10,44
3.98e-10,36
4.08e-10,52
4.18e-10,47
4.28e-10,46
4.38e-10,50
4.48e-10,49
4.58e-10,45
4.68e-10,57
4.78e-10,57
4.88e-10,61
4.98e-10,45
5.08e-10,71
5.18e-10,82
5.28e-10,59
5.38e-10,78
5.48e-10,58
5.58e-10,85
5.68e-10,72
5.78e-10,76
5.88e-10,79
5.98e-10,65
6.08e-10,64
6.18e-10,72
6.28e-10,88
6.38e-10,71
6.48e-10,77
6.58e-10,78
6.68e-10,86
6.78e-10,71
6.88e-10,85
6.98e-10,65
7.08e-10,87
7.18e-10,77
7.28e-10,83
7.38e-10,91
7.48e-10,81
7.58e-10,66
7.68e-10,74
7.78e-10,74
7.88e-10,68
7.98e-10,70
8.08e-10,77
8.18e-10,70
8.28e-10,60
8.38e-10,69
8.48e-10,63
8.58e-10,56
8.68e-10,54
8.78e-10,58
8.88e-10,40
8.98e-10,50
9.08e-10,45
9.18e-10,37
9.28e-10,50
9.38e-10,45
9.48e-10,48
9.58e-10,47
9.68e-10,43
9.78e-10,43
9.88e-10,35
9.98e-10,44
1.008e-09,31
1.018e-09,37
1.028e-09,12
1.038e-09,29
1.048e-09,20
1.058e-09,26
1.068e-09,24
1.078e-09,23
1.088e-09,16
1.098e-09,16
1.108e-09,21
1.118e-09,17
1.128e-09,15
1.138e-09,18
1.148e-09,7
1.158e-09,10
1.168e-09,12
1.178e-09,15
1.188e-09,12
1.198e-09,9
1.208e-09,11
1.218e-09,4
1.228e-09,4
1.238e-09,3
1.248e-09,10
1.258e-09,1
1.268e-09,9
1.278e-09,2
1.288e-09,6
1.298e-09,4
1.308e-09,2
1.318e-09,4
1.328e-09,4
1.338e-09,4
1.348e-09,5
1.358e-09,5
1.368e-09,3
1.378e-09,0
1.388e-09,0
1.398e-09,4
1.408e-09,1
1.418e-09,3
1.428e-09,3
1.438e-09,2
1.448e-09,4
1.458e-09,0
1.468e-09,1
1.478e-09,1
1.488e-09,1
1.498e-09,0
1.508e-09,1
1.518e-09,2
1.528e-09,1
1.538e-09,0
1.548e-09,0
1.558e-09,0
1.568e-09,0
1.578e-09,1
1.588e-09,0
1.598e-09,0
1.608e-09,0
1.618e-09,0
1.628e-09,0
1.638e-09,0
1.648e-09,0
1.658e-09,0
1.668e-09,0
1.678e-09,0
1.688e-09,0
1.698e-09,0
