LECROYHDO9204-MSöv,30454,Histogram
Segments,1,SegmentSize,200
Segment,TrigTime,TimeSinceSegment1
#1,01-Jan-2009 01:13:31,0                 
Time,Ampl
-8.92e-10,0
-8.82e-10,0
-8.72e-10,0
-8.62e-10,2
-8.52e-10,0
-8.42e-10,0
-8.32e-10,0
-8.22e-10,0
-8.12e-10,0
-8.02e-10,0
-7.92e-10,0
-7.82e-10,0
-7.72e-10,0
-7.62e-10,0
-7.52e-10,0
-7.42e-10,3
-7.32e-10,2
-7.22e-10,0
-7.12e-10,2
-7.02e-10,1
-6.92e-10,0
-6.82e-10,2
-6.72e-10,1
-6.62e-10,1
-6.52e-10,1
-6.42e-10,2
-6.32e-10,0
-6.22e-10,2
-6.12e-10,0
-6.02e-10,1
-5.92e-10,2
-5.82e-10,0
-5.72e-10,1
-5.62e-10,2
-5.52e-10,3
-5.42e-10,5
-5.32e-10,2
-5.22e-10,6
-5.12e-10,7
-5.02e-10,7
-4.92e-10,6
-4.82e-10,6
-4.72e-10,7
-4.62e-10,9
-4.52e-10,10
-4.42e-10,7
-4.32e-10,12
-4.22e-10,17
-4.12e-10,6
-4.02e-10,17
-3.92e-10,17
-3.82e-10,18
-3.72e-10,20
-3.62e-10,19
-3.52e-10,24
-3.42e-10,22
-3.32e-10,35
-3.22e-10,31
-3.12e-10,26
-3.02e-10,36
-2.92e-10,31
-2.82e-10,36
-2.72e-10,35
-2.62e-10,34
-2.52e-10,48
-2.42e-10,56
-2.32e-10,55
-2.22e-10,62
-2.12e-10,55
-2.02e-10,51
-1.92e-10,69
-1.82e-10,64
-1.72e-10,65
-1.62e-10,66
-1.52e-10,68
-1.42e-10,89
-1.32e-10,78
-1.22e-10,66
-1.12e-10,75
-1.02e-10,85
-9.2e-11,78
-8.2e-11,82
-7.2e-11,74
-6.2e-11,111
-5.2e-11,87
-4.2e-11,105
-3.2e-11,95
-2.2e-11,103
-1.2e-11,97
-2e-12,91
8e-12,97
1.8e-11,80
2.8e-11,103
3.8e-11,109
4.8e-11,95
5.8e-11,80
6.8e-11,95
7.8e-11,63
8.8e-11,91
9.8e-11,107
1.08e-10,76
1.18e-10,76
1.28e-10,89
1.38e-10,74
1.48e-10,79
1.58e-10,71
1.68e-10,70
1.78e-10,79
1.88e-10,64
1.98e-10,62
2.08e-10,66
2.18e-10,76
2.28e-10,52
2.38e-10,47
2.48e-10,40
2.58e-10,38
2.68e-10,34
2.78e-10,41
2.88e-10,44
2.98e-10,33
3.08e-10,35
3.18e-10,31
3.28e-10,33
3.38e-10,29
3.48e-10,20
3.58e-10,26
3.68e-10,25
3.78e-10,15
3.88e-10,11
3.98e-10,19
4.08e-10,15
4.18e-10,13
4.28e-10,5
4.38e-10,10
4.48e-10,10
4.58e-10,5
4.68e-10,6
4.78e-10,7
4.88e-10,6
4.98e-10,5
5.08e-10,5
5.18e-10,7
5.28e-10,3
5.38e-10,6
5.48e-10,2
5.58e-10,4
5.68e-10,3
5.78e-10,2
5.88e-10,3
5.98e-10,4
6.08e-10,1
6.18e-10,2
6.28e-10,2
6.38e-10,2
6.48e-10,0
6.58e-10,1
6.68e-10,1
6.78e-10,3
6.88e-10,2
6.98e-10,0
7.08e-10,1
7.18e-10,0
7.28e-10,1
7.38e-10,3
7.48e-10,1
7.58e-10,0
7.68e-10,0
7.78e-10,0
7.88e-10,0
7.98e-10,1
8.08e-10,1
8.18e-10,2
8.28e-10,1
8.38e-10,0
8.48e-10,0
8.58e-10,0
8.68e-10,0
8.78e-10,0
8.88e-10,0
8.98e-10,0
9.08e-10,0
9.18e-10,0
9.28e-10,1
9.38e-10,0
9.48e-10,0
9.58e-10,0
9.68e-10,0
9.78e-10,0
9.88e-10,0
9.98e-10,0
1.008e-09,0
1.018e-09,0
1.028e-09,0
1.038e-09,1
1.048e-09,0
1.058e-09,0
1.068e-09,0
1.078e-09,0
1.088e-09,0
1.098e-09,0
