$SPEC_ID:
No sample description was entered.
$SPEC_REM:
DET# 1
DETDESC# LAB4D1 Easy-MCA-2k SN 14311467
AP# Maestro Version 7.01
$DATE_MEA:
11/24/2022 17:41:59
$MEAS_TIM:
157 180
$DATA:
0 2047
       0
       0
       0
       0
       0
       0
       0
       0
       0
       0
       0
       0
       0
       0
       0
       0
       0
       0
       0
       0
       0
      47
   87201
  128503
  111532
   92870
   82249
   71846
   63084
   54332
   47069
   40170
   34182
   28992
   24533
   20776
   17451
   15020
   12575
   10947
    9319
    8242
    7084
    6405
    5767
    5262
    5044
    4618
    4349
    4099
    4110
    3830
    3622
    3563
    3545
    3192
    3167
    3054
    2859
    2781
    2685
    2580
    2457
    2252
    2168
    2070
    1989
    1789
    1773
    1644
    1492
    1371
    1312
    1208
    1171
    1080
     938
     961
     835
     771
     679
     675
     604
     624
     600
     559
     480
     511
     484
     452
     449
     455
     404
     468
     454
     427
     481
     407
     434
     450
     384
     352
     390
     377
     366
     365
     358
     339
     303
     309
     263
     295
     273
     282
     257
     252
     228
     234
     228
     234
     215
     186
     201
     201
     169
     148
     189
     165
     163
     150
     154
     157
     144
     152
     132
     158
     143
     153
     154
     168
     143
     171
     155
     177
     160
     199
     170
     177
     169
     174
     160
     159
     144
     177
     170
     148
     154
     151
     154
     120
     141
     112
     122
     109
     110
      94
      86
      93
      79
      72
      85
      76
      79
      70
      66
      66
      77
      58
      79
      74
      78
      60
      66
      75
      71
      65
      95
      88
      70
      80
      64
      68
      67
      67
      86
      63
      72
      69
      65
      82
      69
      70
      69
      60
      69
      46
      57
      54
      65
      63
      56
      59
      62
      52
      41
      56
      49
      62
      46
      51
      43
      54
      67
      52
      54
      39
      48
      46
      52
      44
      46
      57
      49
      49
      43
      52
      65
      42
      55
      69
      52
      77
      59
      61
      61
      65
      52
      68
      58
      57
      61
      51
      56
      58
      48
      56
      66
      56
      52
      69
      66
      66
      56
      51
      71
      62
      77
      64
      65
      67
      69
      80
      90
      83
      78
      84
     113
      93
      80
     112
     100
     112
     110
     122
      97
     115
     114
     140
     122
     117
     136
     134
     138
     132
     160
     120
     155
     137
     142
     146
     158
     158
     185
     187
     200
     223
     207
     255
     256
     274
     314
     370
     423
     478
     552
     700
     785
     867
    1046
    1195
    1380
    1607
    1844
    2186
    2258
    2620
    2959
    3349
    3567
    4078
    4397
    4714
    5196
    5492
    5731
    6032
    6363
    6538
    6574
    6771
    6607
    6745
    6462
    6226
    5945
    5710
    5305
    5097
    4557
    4392
    3885
    3567
    3224
    2901
    2605
    2265
    2107
    1785
    1592
    1349
    1148
     981
     876
     741
     688
     528
     505
     403
     339
     339
     248
     205
     170
     151
     141
     113
     107
     101
      89
      72
      68
      45
      47
      41
      36
      45
      45
      31
      35
      35
      40
      28
      25
      22
      22
      21
      19
      25
      26
      22
      14
      16
      18
      18
      14
       9
      15
       8
       8
       8
      11
      10
       8
       7
       6
       6
      10
      11
      11
       8
       5
       6
       3
       7
       4
       4
       8
       5
       4
       6
       8
       8
       3
       7
      12
       6
      11
       8
       8
      10
       9
       6
      11
       4
       8
       2
       8
       3
      14
       3
       7
       6
       7
      13
       8
       6
       4
       8
       7
       4
       9
       2
       7
       6
       5
       6
       6
       5
       6
       7
       8
       2
       5
       4
       4
       1
       3
       5
       8
       3
      10
       5
       8
       4
       6
       7
      10
       4
       6
       9
       6
       2
       6
       3
       6
       2
       7
       6
       1
       3
       4
       1
       3
       3
       4
       5
       6
       4
       9
       5
       6
       4
       4
       4
       4
       3
       5
       4
       8
       6
       2
       4
       4
       7
       4
       5
       3
       7
       5
       4
       9
       1
       6
       3
       7
       4
       5
       6
       5
      10
       5
       6
       5
       4
       5
       5
       5
       3
       3
       2
       4
       9
       1
       4
       6
       9
       6
      13
       2
       6
      10
       7
       4
       4
       8
       6
       7
       4
       7
       6
       6
       8
       6
       6
       6
       8
       6
       8
       7
       6
       6
       6
       6
       5
       9
       6
       5
       3
       3
       8
       6
       8
       5
       7
       7
       6
       4
       5
       9
       4
       4
       7
       6
       5
       7
       6
       6
       5
       4
       4
       5
       5
       4
       5
       9
       5
       7
       4
       4
       4
       5
      10
       5
      10
       6
       3
       5
       8
       6
       3
      11
       6
       4
       6
       3
       7
       4
      11
       7
       8
       9
       5
       3
      12
       6
       7
       5
       6
       6
       8
       5
       4
       8
       7
       7
      10
       9
      13
       3
       6
       6
       8
       8
       5
      11
       5
      10
      10
       7
       5
       8
       8
       8
      12
      12
      13
      13
      13
       5
       7
       9
       6
       3
       6
       8
       9
       7
       8
       6
       3
       2
       4
       5
       6
       5
       5
       1
       4
       2
       2
       3
       2
       1
       2
       2
       0
       1
       0
       0
       0
       1
       0
       1
       0
       1
       0
       1
       0
       1
       0
       0
       1
       0
       0
       1
       0
       0
       0
       0
       0
       1
       0
       0
       0
       1
       0
       0
       0
       1
       0
       0
       0
       0
       0
       0
       0
       0
       0
       0
       0
       2
       1
       0
       0
       0
       0
       0
       0
       0
       0
       0
       1
       0
       1
       0
       2
       1
       0
       0
       0
       0
       0
       0
       0
       0
       0
       1
       0
       2
       0
       0
       1
       1
       0
       0
       0
       0
       0
       0
       0
       1
       0
       0
       0
       0
       0
       1
       0
       0
       1
       0
       0
       1
       0
       0
       1
       0
       0
       1
       0
       0
       0
       0
       1
       0
       0
       0
       0
       0
       0
       1
       0
       0
       1
       0
       0
       0
       0
       0
       1
       0
       0
       0
       1
       0
       0
       0
       0
       0
       0
       0
       0
       1
       0
       0
       0
       0
       0
       0
       0
       1
       1
       0
       0
       1
       0
       0
       0
       0
       1
       1
       0
       0
       0
       0
       0
       0
       0
       0
       0
       1
       0
       1
       0
       0
       0
       0
       0
       0
       0
       0
       0
       0
       0
       1
       0
       0
       0
       0
       0
       0
       0
       0
       0
       0
       1
       0
       1
       0
       0
       0
       0
       0
       0
       0
       0
       0
       0
       0
       0
       0
       0
       0
       0
       1
       0
       0
       0
       0
       0
       0
       0
       0
       0
       1
       0
       0
       0
       0
       0
       1
       0
       0
       0
       0
       0
       1
       0
       0
       0
       0
       0
       0
       0
       0
       0
       0
       1
       0
       0
       0
       0
       0
       0
       0
       0
       0
       0
       0
       0
       0
       0
       0
       0
       0
       0
       0
       0
       0
       0
       0
       0
       0
       1
       0
       0
       0
       0
       0
       0
       0
       0
       0
       0
       0
       0
       0
       0
       0
       0
       0
       0
       0
       0
       1
       0
       0
       0
       0
       0
       0
       0
       0
       0
       0
       0
       0
       0
       0
       0
       0
       1
       0
       0
       0
       0
       0
       0
       0
       0
       0
       1
       1
       0
       0
       0
       0
       1
       0
       1
       1
       0
       0
       0
       0
       0
       0
       0
       0
       0
       0
       0
       0
       0
       0
       0
       0
       0
       0
       0
       0
       0
       0
       0
       0
       0
       0
       0
       0
       0
       0
       1
       0
       0
       0
       0
       1
       0
       0
       0
       0
       0
       0
       0
       0
       0
       0
       0
       0
       0
       0
       0
       0
       0
       0
       0
       0
       0
       0
       1
       0
       0
       0
       0
       0
       1
       1
       1
       0
       0
       0
       0
       0
       0
       0
       0
       0
       0
       0
       0
       0
       0
       1
       0
       0
       0
       0
       0
       0
       0
       0
       0
       0
       1
       0
       0
       0
       0
       0
       0
       0
       0
       0
       0
       0
       0
       0
       0
       0
       0
       0
       0
       0
       0
       0
       0
       0
       1
       0
       0
       0
       0
       1
       0
       0
       0
       0
       0
       0
       0
       0
       0
       0
       0
       0
       0
       0
       0
       0
       0
       0
       0
       0
       0
       0
       0
       0
       0
       0
       0
       0
       0
       0
       0
       0
       0
       0
       0
       0
       1
       0
       0
       0
       0
       0
       0
       0
       0
       0
       0
       0
       0
       0
       0
       1
       0
       0
       0
       0
       0
       0
       0
       0
       1
       0
       0
       0
       0
       0
       0
       0
       0
       0
       0
       0
       0
       0
       0
       0
       0
       0
       0
       0
       0
       0
       0
       0
       0
       0
       0
       0
       1
       0
       0
       0
       0
       0
       0
       0
       0
       0
       0
       0
       0
       0
       0
       0
       0
       0
       0
       0
       0
       0
       0
       0
       0
       0
       0
       0
       0
       1
       0
       0
       0
       0
       0
       0
       0
       0
       0
       0
       0
       1
       0
       0
       0
       0
       0
       0
       0
       0
       0
       1
       0
       0
       0
       0
       0
       0
       0
       0
       0
       0
       0
       0
       0
       0
       0
       0
       0
       0
       0
       0
       0
       0
       0
       0
       0
       0
       0
       0
       0
       0
       0
       0
       0
       0
       0
       0
       0
       0
       0
       0
       0
       0
       0
       0
       0
       0
       0
       0
       0
       0
       0
       0
       0
       0
       0
       0
       0
       0
       0
       0
       0
       0
       0
       0
       0
       0
       0
       0
       0
       0
       0
       0
       0
       0
       0
       0
       0
       0
       0
       0
       0
       0
       0
       0
       0
       0
       0
       0
       0
       0
       0
       0
       0
       0
       0
       0
       0
       0
       0
       0
       0
       1
       0
       0
       0
       0
       0
       0
       0
       0
       0
       0
       0
       0
       0
       0
       0
       0
       0
       0
       0
       0
       0
       0
       0
       0
       0
       0
       1
       0
       0
       0
       0
       0
       0
       0
       0
       0
       0
       0
       0
       0
       0
       0
       0
       0
       0
       0
       0
       0
       0
       0
       0
       0
       0
       0
       0
       0
       0
       0
       0
       0
       0
       0
       0
       0
       0
       0
       0
       0
       0
       0
       0
       0
       1
       0
       0
       0
       0
       0
       1
       1
       1
       0
       0
       0
       0
       0
       0
       0
       0
       0
       0
       0
       0
       0
       0
       0
       0
       0
       1
       0
       0
       0
       0
       0
       0
       0
       0
       0
       0
       0
       0
       0
       0
       0
       0
       0
       0
       0
       0
       0
       0
       0
       0
       0
       0
       0
       0
       0
       0
       1
       0
       0
       0
       0
       0
       0
       0
       0
       0
       0
       0
       0
       0
       0
       0
       0
       0
       0
       0
       0
       0
       0
       0
       0
       0
       0
       0
       0
       0
       0
       0
       0
       0
       0
       0
       0
       0
       0
       0
       0
       0
       0
       0
       0
       0
       0
       0
       0
       0
       0
       0
       0
       0
       0
       0
       0
       0
       0
       0
       0
       0
       0
       0
       0
       0
       0
       0
       0
       0
       0
       0
       0
       0
       0
       0
       0
       0
       0
       0
       0
       0
       0
       0
       0
       0
       0
       0
       0
       0
       0
       0
       0
       0
       0
       0
       0
       0
       0
       0
       0
       0
       0
       0
       0
       0
       0
       0
       0
       0
       0
       0
       0
       0
       0
       0
       0
       0
       0
       0
       0
       0
       0
       0
       0
       0
       0
       0
       0
       0
       0
       0
       0
       0
       0
       0
       0
       0
       0
       0
       0
       0
       0
       0
       0
       0
       0
       0
       0
       0
       0
       0
       0
       0
       0
       0
       0
       0
       0
       0
       0
       0
       0
       0
       0
       0
       0
       0
       0
       0
       0
       0
       0
       1
       0
       0
       0
       0
       0
       0
       0
       0
       0
       0
       0
       0
       0
       0
       0
       0
       0
       0
       0
       0
       0
       0
       0
       0
       0
       0
       0
       0
       0
       0
       0
       0
       0
       0
       0
       0
       0
       0
       0
       0
       0
       0
       0
       0
       0
       0
       0
       0
       0
       0
       0
       0
       0
       0
       0
       0
       0
       0
       0
       0
       0
       0
       0
       0
       0
       0
       0
       0
       0
       0
       0
       0
       0
       0
       0
       0
       0
       0
       0
       0
       1
       0
       0
       0
       0
       0
       0
       0
       0
       0
       0
       0
       0
       0
       0
       0
       0
       0
       0
       0
       0
       0
       0
       0
       0
       0
       0
       0
       0
       0
       0
       0
       0
       0
       0
       0
       0
       0
       0
       0
       0
       0
       0
       0
       0
       0
       0
       0
       0
       0
       0
       0
       0
       0
       0
       0
       0
       0
       0
       0
       0
       0
       0
       0
       0
       0
       0
       0
       0
       0
       0
       0
       0
       0
       0
       0
       0
       0
       0
       0
       0
       0
       0
       0
       0
       0
       0
       0
       0
       0
       0
       0
       0
       0
       0
       0
       0
       0
       0
       0
       0
       0
       0
       0
       0
       0
       0
       0
       0
       0
       0
       0
       0
       0
       0
       0
       0
       0
       0
       0
       0
       0
       0
       0
       0
       0
       0
       0
       0
       0
       0
       0
       0
       0
       0
       0
       0
       0
       0
       0
       0
       0
       0
       0
       0
       0
       0
       0
       0
       0
       0
       0
       0
       1
       0
       0
       0
       0
       0
       0
       0
       0
       0
       0
       0
       0
       0
       0
       0
       0
       0
       0
       0
       0
       0
       0
       0
       0
       0
       0
       0
       0
       0
       0
       0
       0
       0
       0
       0
       0
       0
       0
       0
       0
       0
       0
       0
       0
       0
       0
       0
       0
       0
       0
       0
       0
       0
       0
       0
       0
       0
       0
       0
       0
       0
       0
       0
       0
       0
       0
       0
       0
       0
       0
       0
       0
       0
       0
       0
       0
       0
       0
       0
       0
       0
       0
       0
       0
       0
       0
       0
       0
       0
       0
       0
       0
       0
       0
       0
       0
       0
       0
       0
       0
       0
       0
       0
       0
       0
       0
       0
       0
       0
       0
       0
       0
       0
       0
       0
       0
$ROI:
2
7 37
327 395
$PRESETS:
Real Time
180
0
$ENER_FIT:
0.000000 0.000000
$MCA_CAL:
3
0.000000E+000 0.000000E+000 0.000000E+000 
$SHAPE_CAL:
3
0.000000E+000 0.000000E+000 0.000000E+000
