$SPEC_ID:
No sample description was entered.
$SPEC_REM:
DET# 1
DETDESC# LAB4D1 Easy-MCA-2k SN 14311467
AP# Maestro Version 7.01
$DATE_MEA:
11/24/2022 17:51:31
$MEAS_TIM:
153 180
$DATA:
0 2047
       0
       0
       0
       0
       0
       0
       0
       0
       0
       0
       0
       0
       0
       0
       0
       0
       0
       0
       0
       0
       0
      54
  105699
  158278
  140725
  122907
  106858
   97491
   89013
   80370
   72304
   65167
   58666
   52339
   47344
   41848
   37155
   33124
   29439
   25739
   22852
   20167
   17617
   15154
   13469
   11770
   10185
    8887
    7689
    6867
    6018
    5352
    4746
    4360
    3874
    3537
    3343
    2870
    2836
    2592
    2481
    2248
    2136
    1981
    1887
    1781
    1595
    1526
    1443
    1353
    1205
    1210
    1053
     961
     970
     923
     761
     738
     759
     660
     663
     616
     610
     590
     599
     590
     554
     550
     568
     596
     562
     552
     568
     582
     583
     580
     611
     594
     603
     558
     559
     566
     527
     519
     441
     449
     453
     428
     413
     423
     342
     321
     300
     299
     286
     264
     242
     226
     228
     196
     201
     137
     163
     146
     148
     127
     102
     106
     111
     108
      90
      91
      85
      79
      74
      68
      60
      58
      68
      56
      72
      50
      60
      50
      54
      48
      60
      57
      48
      47
      46
      61
      47
      44
      34
      29
      39
      40
      49
      33
      41
      36
      42
      47
      44
      38
      48
      52
      42
      37
      44
      44
      52
      39
      39
      39
      47
      31
      45
      34
      42
      43
      43
      44
      40
      39
      39
      31
      35
      41
      32
      37
      38
      40
      40
      41
      35
      31
      39
      45
      31
      27
      37
      39
      35
      33
      37
      29
      43
      41
      38
      31
      27
      37
      43
      33
      22
      34
      41
      36
      44
      40
      31
      32
      31
      38
      32
      26
      25
      23
      33
      28
      23
      29
      29
      26
      19
      40
      37
      31
      30
      40
      28
      22
      27
      30
      33
      46
      41
      42
      34
      36
      28
      34
      35
      40
      35
      43
      32
      33
      43
      40
      44
      34
      39
      45
      48
      34
      46
      44
      44
      55
      48
      65
      58
      68
      61
      58
      57
      72
      58
      63
      59
      64
      52
      52
      76
      68
      78
      78
      80
      91
      85
      85
     103
      85
      91
     107
      83
      91
      97
     117
     113
     119
     126
     168
     166
     150
     184
     194
     275
     303
     313
     360
     400
     467
     576
     647
     722
     805
     912
    1105
    1264
    1384
    1551
    1788
    2011
    2177
    2334
    2531
    2777
    3007
    3216
    3484
    3519
    3644
    3898
    4090
    4134
    4154
    4151
    4028
    3958
    3968
    3692
    3632
    3271
    3231
    2929
    2804
    2604
    2380
    2255
    1966
    1755
    1620
    1426
    1300
    1287
    1041
     936
     852
     694
     642
     555
     510
     458
     397
     321
     347
     253
     248
     200
     195
     187
     144
     108
     102
      93
      95
      75
      67
      68
      50
      53
      50
      39
      26
      27
      37
      23
      23
      19
      20
      11
      17
       9
       9
      10
       5
       7
       7
       9
      12
       7
      10
      10
      12
       6
       8
       3
       6
       4
       5
       5
       3
       4
       5
       5
       2
       4
       0
       4
       6
       5
       3
       4
       7
       5
       3
       5
       7
       4
       5
       7
       4
       4
       4
       4
       4
       4
       3
       4
       6
       3
       4
       3
       5
       7
       3
       3
       1
       3
       1
       1
       4
       1
       6
       4
       1
       2
       4
       6
       1
       7
       3
       4
       1
       5
       2
       3
       2
       1
       2
       3
       2
       1
       2
       2
       2
       2
       2
       6
       1
       2
       2
       3
       0
       0
       2
       3
       1
       4
       5
       3
       1
       1
       2
       1
       0
       2
       1
       4
       0
       3
       2
       1
       0
       1
       5
       1
       0
       2
       4
       4
       2
       3
       1
       1
       6
       2
       0
       0
       2
       1
       2
       1
       2
       1
       0
       3
       1
       2
       0
       4
       4
       1
       4
       3
       1
       2
       2
       3
       3
       3
       5
       0
       2
       1
       3
       0
       1
       4
       4
       6
       2
       5
       5
       1
       1
       3
       4
       5
       7
       6
       3
       5
       4
       3
       2
       2
       4
       5
       4
       5
       1
       7
       3
       4
       6
       3
       3
       5
       6
       7
       3
       3
       3
       3
       5
       4
       4
       4
       3
       5
       2
       7
       6
       4
       2
       4
       2
       3
       4
       1
       0
       4
       4
       3
       5
       3
       2
       3
       4
       0
      10
       5
       4
       4
       1
       1
       2
       2
       1
       2
       5
       0
       0
       3
       3
       4
       3
       3
       6
       4
       3
       1
       4
       2
       2
       4
       3
       1
       2
       3
       4
       2
       4
       3
       6
       3
       4
       1
       3
       3
       5
       7
       5
       3
       6
       3
       7
       5
       1
       1
       3
       2
       6
       5
       3
       7
       4
       7
       2
       2
       7
       0
       5
       4
       5
       5
       1
       6
       6
       3
       4
       1
       2
       3
       3
       3
       4
       2
       3
       2
       2
       0
       1
       2
       0
       0
       2
       0
       2
       1
       3
       1
       2
       1
       0
       1
       4
       0
       1
       0
       0
       1
       0
       0
       1
       0
       0
       0
       1
       0
       0
       0
       0
       0
       0
       0
       0
       1
       0
       0
       0
       1
       0
       1
       0
       0
       0
       0
       0
       0
       0
       1
       0
       0
       0
       0
       0
       0
       1
       1
       0
       0
       0
       0
       0
       0
       0
       0
       0
       0
       0
       0
       0
       0
       0
       0
       0
       0
       0
       0
       0
       0
       0
       0
       0
       0
       0
       0
       0
       1
       0
       0
       0
       0
       0
       0
       0
       0
       0
       0
       0
       0
       0
       0
       0
       0
       0
       0
       0
       0
       0
       0
       0
       1
       1
       0
       0
       0
       0
       0
       0
       0
       1
       0
       0
       0
       0
       0
       0
       0
       0
       0
       0
       0
       0
       0
       0
       0
       0
       0
       1
       0
       0
       0
       0
       0
       1
       1
       0
       0
       0
       0
       0
       0
       0
       0
       0
       0
       0
       0
       0
       0
       0
       0
       0
       0
       0
       0
       0
       0
       0
       1
       0
       0
       0
       0
       0
       0
       0
       0
       0
       0
       0
       0
       0
       0
       1
       0
       0
       0
       0
       0
       0
       0
       0
       0
       1
       0
       0
       0
       0
       0
       0
       0
       0
       0
       1
       0
       0
       0
       0
       0
       0
       0
       0
       0
       0
       0
       1
       0
       1
       0
       0
       0
       0
       0
       1
       0
       0
       0
       0
       0
       0
       0
       0
       0
       0
       0
       0
       0
       0
       0
       1
       0
       0
       0
       0
       0
       0
       0
       0
       0
       1
       0
       0
       0
       0
       0
       0
       0
       0
       0
       0
       0
       0
       0
       1
       0
       0
       0
       0
       0
       0
       0
       0
       1
       0
       0
       0
       0
       0
       0
       0
       0
       0
       0
       0
       0
       0
       1
       0
       0
       0
       0
       0
       0
       0
       0
       0
       0
       0
       0
       0
       0
       0
       0
       0
       0
       1
       0
       0
       0
       0
       0
       0
       0
       0
       0
       0
       1
       0
       1
       0
       1
       0
       0
       0
       0
       0
       0
       0
       0
       0
       0
       0
       0
       0
       0
       0
       0
       0
       0
       0
       0
       0
       0
       0
       0
       0
       0
       0
       0
       0
       0
       0
       0
       0
       0
       0
       1
       0
       0
       0
       0
       0
       0
       1
       0
       0
       0
       0
       0
       0
       0
       0
       0
       0
       0
       0
       0
       0
       0
       0
       0
       0
       0
       0
       0
       0
       0
       0
       0
       0
       0
       0
       0
       0
       0
       1
       0
       0
       0
       0
       0
       0
       0
       0
       0
       0
       0
       0
       0
       0
       0
       0
       0
       0
       0
       0
       1
       0
       0
       0
       0
       0
       0
       0
       0
       0
       0
       0
       0
       0
       0
       0
       0
       0
       0
       0
       0
       0
       0
       0
       0
       0
       0
       0
       0
       0
       0
       0
       0
       0
       0
       1
       0
       0
       0
       0
       0
       0
       0
       0
       0
       0
       0
       0
       1
       0
       0
       1
       0
       0
       0
       0
       0
       0
       0
       0
       1
       0
       0
       0
       0
       0
       0
       0
       0
       0
       0
       0
       0
       0
       0
       0
       0
       0
       0
       0
       0
       0
       0
       0
       0
       0
       0
       1
       0
       0
       0
       0
       0
       0
       0
       0
       0
       0
       0
       0
       0
       0
       0
       0
       0
       0
       0
       0
       0
       0
       0
       0
       0
       0
       0
       0
       0
       0
       0
       0
       0
       0
       0
       0
       0
       0
       0
       0
       0
       0
       0
       0
       1
       1
       0
       0
       0
       0
       0
       0
       1
       0
       0
       0
       0
       0
       0
       0
       0
       0
       0
       0
       0
       0
       0
       0
       0
       0
       0
       0
       0
       0
       0
       0
       0
       0
       0
       0
       0
       0
       0
       0
       0
       0
       0
       0
       0
       0
       0
       0
       0
       0
       0
       0
       0
       0
       0
       0
       0
       0
       0
       0
       0
       0
       0
       0
       0
       0
       0
       0
       0
       0
       0
       0
       0
       0
       0
       0
       0
       1
       0
       0
       0
       0
       0
       0
       0
       0
       0
       0
       0
       1
       0
       0
       0
       0
       0
       0
       0
       0
       0
       0
       1
       0
       0
       0
       0
       0
       0
       0
       0
       0
       0
       0
       0
       0
       0
       0
       0
       0
       0
       0
       0
       0
       0
       0
       0
       0
       0
       1
       0
       0
       0
       0
       0
       0
       0
       0
       0
       0
       0
       0
       0
       0
       0
       0
       0
       0
       0
       0
       0
       0
       0
       0
       0
       0
       0
       0
       0
       0
       0
       0
       0
       0
       0
       0
       0
       0
       0
       0
       0
       0
       0
       0
       0
       0
       0
       0
       0
       0
       0
       0
       0
       0
       0
       0
       0
       0
       0
       0
       0
       0
       0
       0
       0
       0
       0
       0
       0
       0
       0
       0
       0
       0
       0
       0
       0
       0
       0
       0
       0
       0
       0
       0
       0
       0
       0
       0
       0
       0
       0
       0
       0
       0
       0
       0
       0
       0
       0
       0
       0
       0
       0
       0
       0
       0
       0
       0
       0
       0
       0
       0
       0
       0
       0
       0
       1
       0
       0
       0
       0
       0
       0
       0
       0
       0
       0
       0
       0
       0
       0
       0
       0
       0
       0
       0
       1
       0
       0
       0
       0
       0
       0
       0
       0
       0
       0
       0
       0
       0
       0
       0
       0
       0
       0
       0
       0
       0
       0
       0
       0
       1
       0
       0
       0
       0
       0
       0
       0
       0
       0
       0
       0
       1
       0
       0
       0
       0
       0
       0
       0
       0
       0
       0
       0
       0
       0
       0
       0
       0
       0
       0
       0
       0
       0
       0
       0
       0
       0
       0
       0
       1
       0
       0
       0
       0
       0
       0
       0
       0
       0
       0
       0
       0
       0
       0
       0
       0
       0
       0
       0
       0
       0
       0
       0
       0
       0
       0
       0
       0
       0
       0
       0
       0
       0
       0
       0
       0
       0
       0
       0
       0
       0
       0
       0
       0
       0
       0
       0
       0
       0
       0
       0
       0
       0
       0
       0
       1
       0
       0
       0
       0
       0
       0
       0
       0
       0
       0
       0
       0
       0
       1
       0
       0
       0
       0
       0
       0
       0
       0
       0
       0
       0
       0
       0
       0
       0
       0
       0
       0
       0
       0
       0
       0
       0
       0
       0
       1
       0
       0
       0
       0
       0
       0
       0
       0
       0
       0
       0
       0
       0
       0
       0
       0
       0
       0
       0
       0
       0
       0
       0
       0
       1
       0
       0
       0
       0
       0
       0
       0
       0
       0
       0
       0
       0
       0
       0
       0
       0
       0
       0
       0
       0
       1
       0
       0
       0
       0
       0
       0
       1
       0
       0
       0
       0
       0
       0
       0
       0
       0
       0
       0
       0
       0
       0
       0
       0
       0
       0
       0
       0
       0
       0
       0
       0
       0
       0
       0
       0
       0
       0
       0
       0
       0
       0
       0
       0
       0
       0
       0
       0
       0
       0
       0
       0
       0
       0
       0
       0
       0
       0
       0
       0
       0
       0
       0
       0
       0
       0
       0
       0
       0
       0
       0
       0
       0
       0
       0
       0
       0
       0
       0
       0
       0
       0
       0
       0
       0
       0
       0
       0
       0
       0
       0
       0
       0
       0
       0
       0
       0
       0
       0
       0
       0
       0
       0
       0
       0
       0
       0
       0
       0
       0
       0
       0
       0
       0
       0
       0
       0
       0
       0
       0
       0
       0
       0
       0
       0
       0
       0
       0
       0
       0
       0
       0
       0
       0
       0
       0
       0
       0
       0
       0
       0
       0
       0
       0
       0
       0
       0
       0
       0
       0
       0
       0
       0
       0
       0
       0
       0
       0
       0
       0
       0
       0
       0
       0
       0
       0
       0
       0
       0
       0
       0
       0
       0
       0
       0
       0
       0
       0
       0
       0
       0
       0
       0
       0
       0
       0
       0
       0
       0
       0
       0
       0
       0
       0
       0
       0
       0
       0
       0
       0
       0
       0
       0
       0
       0
       0
       0
       0
       0
       0
       0
       0
       0
       0
       0
       0
       0
       0
       0
       0
       0
       0
       0
       0
       0
       0
       0
       0
       0
       0
       0
       0
       0
       0
       0
       0
       0
       0
       0
       0
       0
       0
       0
       0
       0
       0
       0
       0
       0
       0
       0
       0
       0
       1
       0
       0
       0
       0
       0
       0
       0
       0
       0
       0
       0
       0
       0
       0
       0
       0
       0
       0
       0
       0
       0
       0
       0
       0
       0
       0
       0
       0
       0
       0
       0
       0
       0
       0
       0
       0
       0
       0
       0
       0
       0
       0
       0
       0
       0
       0
       0
       0
       0
       0
       0
       0
       0
       0
       0
       0
       0
       0
       0
       0
       0
       0
       0
       0
       0
       0
       0
       0
       0
       0
       0
       0
       0
       0
       0
       0
       0
$ROI:
2
7 37
309 377
$PRESETS:
Real Time
180
0
$ENER_FIT:
0.000000 0.000000
$MCA_CAL:
3
0.000000E+000 0.000000E+000 0.000000E+000 
$SHAPE_CAL:
3
0.000000E+000 0.000000E+000 0.000000E+000
