$SPEC_ID:
No sample description was entered.
$SPEC_REM:
DET# 1
DETDESC# LAB4D1 Easy-MCA-2k SN 14311467
AP# Maestro Version 7.01
$DATE_MEA:
11/24/2022 17:45:41
$MEAS_TIM:
157 180
$DATA:
0 2047
       0
       0
       0
       0
       0
       0
       0
       0
       0
       0
       0
       0
       0
       0
       0
       0
       0
       0
       0
       0
       0
      43
  101219
  151543
  134180
  113511
  100975
   89993
   81104
   71248
   62944
   55990
   48637
   42612
   36781
   31724
   27100
   23263
   19454
   16414
   13663
   11478
    9344
    7899
    6494
    5278
    4381
    3689
    3089
    2713
    2276
    2030
    1808
    1517
    1402
    1324
    1283
    1167
    1109
    1032
    1033
     957
     935
     897
     844
     813
     725
     720
     668
     650
     600
     612
     571
     521
     418
     449
     387
     433
     346
     359
     289
     300
     260
     223
     220
     217
     197
     181
     173
     144
     146
     145
     112
     134
     130
     113
     102
      89
      97
      74
      77
      75
      68
      60
      66
      66
      67
      58
      52
      58
      48
      64
      46
      55
      54
      58
      50
      43
      44
      42
      47
      32
      40
      37
      48
      47
      46
      37
      42
      47
      21
      29
      39
      50
      38
      36
      45
      32
      37
      48
      34
      44
      43
      30
      48
      44
      42
      43
      40
      54
      49
      48
      35
      34
      44
      33
      35
      37
      28
      34
      29
      33
      40
      28
      34
      32
      32
      27
      28
      23
      26
      27
      27
      31
      24
      32
      26
      24
      24
      29
      30
      30
      35
      25
      34
      26
      32
      32
      30
      34
      24
      42
      28
      22
      22
      21
      18
      34
      30
      29
      41
      27
      31
      45
      28
      33
      21
      36
      30
      28
      35
      24
      20
      22
      25
      32
      33
      38
      36
      31
      39
      33
      36
      47
      45
      57
      56
      60
      52
      58
      80
      84
      92
      97
     107
      84
      82
     100
     113
     117
     111
     129
     142
     116
     133
     123
     108
     124
     118
     112
      99
     121
      99
     101
      93
      86
      98
      62
      65
      76
      80
      76
      69
      60
      75
      55
      62
      56
      63
      63
      68
      53
      63
      62
      65
      67
      69
      78
      69
      79
      51
      79
      74
      78
      62
      53
      60
      49
      55
      54
      53
      54
      55
      59
      49
      66
      46
      60
      41
      50
      60
      51
      53
      84
      83
      78
      72
      81
      97
     124
     113
     129
     147
     174
     211
     242
     265
     313
     348
     424
     494
     614
     665
     748
     808
     961
    1023
    1210
    1347
    1352
    1503
    1651
    1847
    1831
    2104
    2146
    2218
    2163
    2212
    2249
    2304
    2235
    2160
    2115
    2112
    1924
    1875
    1683
    1637
    1535
    1442
    1301
    1163
    1051
     991
     851
     783
     697
     635
     545
     451
     409
     355
     299
     289
     244
     221
     179
     170
     134
     134
     101
      65
      67
      68
      53
      46
      43
      39
      25
      22
      21
      13
      14
      14
      10
      10
       6
       5
       5
       4
       4
       5
       1
       6
       3
       6
       5
       1
       2
       3
       2
       3
       0
       1
       3
       1
       5
       2
       3
       3
       6
       1
       2
       0
       2
       0
       0
       3
       2
       4
       3
       0
       2
       3
       1
       3
       0
       1
       3
       4
       2
       0
       0
       2
       1
       2
       1
       1
       1
       2
       1
       2
       0
       1
       1
       0
       0
       1
       0
       1
       2
       3
       2
       1
       1
       1
       1
       2
       1
       3
       0
       1
       1
       1
       0
       1
       2
       0
       2
       1
       3
       1
       0
       2
       1
       0
       2
       2
       3
       0
       4
       1
       0
       2
       2
       0
       1
       1
       0
       0
       2
       0
       2
       0
       1
       1
       1
       0
       2
       0
       1
       1
       1
       0
       2
       1
       1
       1
       2
       0
       1
       2
       1
       1
       5
       2
       0
       0
       1
       0
       1
       0
       2
       2
       1
       1
       0
       2
       1
       0
       0
       0
       0
       0
       0
       0
       0
       0
       0
       1
       1
       0
       0
       0
       0
       0
       1
       3
       2
       1
       2
       2
       1
       0
       1
       4
       3
       3
       4
       1
       0
       2
       1
       3
       2
       5
       1
       1
       3
       4
       1
       3
       2
       4
       5
       3
       0
       0
       1
       3
       0
       4
       1
       5
       2
       4
       4
       3
       0
       2
       4
       2
       0
       2
       3
       2
       0
       1
       1
       1
       2
       0
       3
       1
       3
       3
       0
       1
       3
       0
       0
       0
       0
       0
       1
       3
       0
       1
       1
       1
       0
       1
       0
       1
       1
       0
       3
       2
       2
       0
       2
       1
       0
       1
       0
       0
       0
       0
       0
       0
       1
       0
       1
       1
       1
       1
       0
       0
       4
       1
       1
       0
       1
       1
       0
       0
       4
       1
       2
       2
       1
       0
       0
       1
       1
       0
       4
       2
       1
       0
       4
       0
       5
       3
       3
       1
       1
       0
       0
       2
       2
       1
       3
       3
       3
       1
       2
       0
       1
       0
       1
       0
       0
       0
       1
       0
       0
       0
       0
       0
       1
       0
       0
       1
       0
       0
       0
       0
       0
       0
       1
       0
       0
       0
       1
       0
       0
       0
       0
       1
       0
       0
       0
       0
       0
       0
       0
       1
       0
       1
       0
       0
       0
       0
       0
       0
       0
       0
       0
       0
       0
       0
       0
       0
       0
       1
       0
       0
       0
       0
       0
       0
       0
       0
       0
       0
       0
       0
       0
       0
       0
       0
       1
       0
       0
       1
       0
       0
       0
       0
       0
       0
       0
       0
       0
       0
       0
       0
       0
       0
       0
       0
       0
       0
       0
       0
       0
       0
       0
       0
       1
       0
       0
       0
       0
       1
       0
       0
       0
       0
       0
       0
       0
       0
       0
       0
       0
       0
       0
       0
       0
       0
       0
       1
       0
       0
       0
       0
       1
       0
       0
       0
       0
       0
       0
       0
       0
       0
       0
       0
       0
       0
       1
       0
       0
       0
       0
       0
       0
       1
       0
       1
       0
       0
       0
       0
       0
       0
       0
       0
       0
       0
       0
       0
       1
       0
       0
       0
       0
       0
       0
       0
       0
       0
       0
       0
       0
       0
       0
       0
       0
       1
       0
       0
       1
       0
       0
       0
       0
       0
       0
       0
       0
       0
       1
       1
       0
       0
       0
       0
       0
       0
       0
       0
       0
       1
       0
       0
       0
       0
       0
       0
       0
       0
       0
       0
       0
       0
       0
       1
       0
       0
       1
       0
       0
       0
       0
       0
       0
       0
       0
       0
       2
       0
       0
       1
       0
       0
       0
       0
       0
       0
       0
       0
       0
       0
       0
       0
       0
       0
       0
       0
       0
       0
       0
       0
       0
       0
       0
       0
       0
       0
       0
       0
       0
       0
       0
       0
       0
       0
       0
       0
       0
       1
       0
       0
       0
       0
       0
       0
       0
       0
       0
       0
       0
       0
       0
       0
       0
       0
       0
       0
       0
       0
       0
       0
       0
       0
       0
       0
       0
       0
       0
       0
       0
       0
       0
       0
       0
       0
       0
       0
       1
       0
       0
       0
       0
       0
       0
       0
       0
       0
       0
       0
       0
       0
       0
       0
       0
       0
       0
       1
       0
       0
       0
       0
       1
       0
       0
       0
       0
       0
       0
       0
       0
       0
       0
       0
       0
       0
       0
       0
       0
       1
       0
       1
       0
       0
       0
       0
       0
       0
       0
       0
       0
       0
       0
       0
       0
       0
       0
       0
       0
       0
       0
       0
       0
       0
       0
       0
       0
       0
       0
       1
       0
       0
       0
       0
       0
       0
       0
       0
       0
       0
       1
       0
       0
       0
       0
       0
       0
       0
       0
       0
       0
       0
       0
       0
       0
       0
       0
       0
       0
       0
       0
       0
       0
       0
       0
       0
       0
       0
       0
       0
       0
       0
       0
       0
       0
       0
       0
       0
       0
       0
       0
       0
       0
       0
       0
       0
       0
       0
       0
       0
       0
       0
       0
       0
       0
       0
       0
       0
       0
       0
       0
       0
       0
       0
       0
       0
       1
       0
       0
       0
       0
       0
       0
       0
       0
       0
       0
       0
       0
       0
       0
       0
       0
       0
       0
       0
       0
       0
       0
       0
       0
       0
       0
       0
       0
       0
       0
       0
       0
       0
       0
       0
       0
       0
       0
       0
       0
       0
       0
       0
       0
       0
       0
       0
       0
       0
       0
       0
       0
       0
       0
       0
       0
       0
       0
       1
       0
       0
       0
       0
       0
       1
       0
       0
       0
       0
       0
       0
       1
       0
       0
       0
       0
       0
       0
       0
       0
       0
       0
       0
       0
       0
       0
       0
       0
       0
       0
       0
       0
       0
       0
       0
       0
       0
       0
       0
       0
       0
       0
       0
       0
       0
       0
       0
       0
       0
       0
       0
       0
       0
       0
       0
       0
       0
       0
       0
       0
       0
       0
       0
       0
       0
       0
       0
       0
       0
       1
       0
       0
       0
       0
       0
       0
       0
       0
       0
       0
       0
       0
       0
       0
       0
       0
       0
       0
       0
       0
       0
       0
       1
       0
       0
       0
       0
       0
       0
       0
       0
       0
       0
       0
       0
       0
       0
       0
       0
       0
       0
       0
       0
       0
       0
       0
       0
       0
       0
       0
       0
       0
       0
       1
       0
       0
       0
       0
       0
       0
       0
       0
       0
       0
       0
       0
       0
       0
       0
       0
       0
       0
       0
       0
       0
       0
       0
       0
       0
       0
       0
       0
       0
       0
       0
       0
       0
       0
       0
       0
       0
       0
       0
       0
       0
       0
       0
       0
       0
       0
       0
       0
       0
       0
       0
       0
       0
       0
       1
       0
       0
       0
       0
       1
       0
       0
       0
       0
       0
       0
       0
       0
       0
       0
       0
       0
       0
       0
       0
       0
       0
       0
       0
       0
       0
       0
       0
       0
       0
       0
       0
       0
       0
       0
       0
       0
       0
       0
       0
       0
       0
       0
       0
       0
       0
       0
       0
       0
       0
       0
       0
       0
       0
       0
       0
       0
       0
       0
       0
       0
       0
       0
       0
       0
       0
       0
       0
       0
       0
       0
       0
       0
       0
       0
       0
       0
       0
       0
       0
       0
       0
       0
       0
       0
       0
       0
       1
       0
       0
       0
       0
       0
       0
       0
       0
       0
       0
       0
       0
       0
       0
       0
       0
       0
       0
       0
       0
       0
       0
       0
       0
       0
       0
       0
       0
       0
       0
       0
       0
       0
       0
       0
       0
       0
       0
       0
       0
       0
       0
       0
       0
       0
       0
       0
       0
       0
       0
       0
       0
       0
       0
       0
       0
       0
       0
       0
       0
       0
       0
       0
       0
       0
       0
       0
       0
       0
       1
       0
       0
       0
       0
       0
       0
       0
       0
       0
       0
       0
       0
       0
       0
       0
       0
       0
       0
       0
       0
       0
       0
       0
       0
       0
       0
       0
       0
       0
       0
       0
       0
       0
       0
       0
       0
       0
       0
       0
       0
       0
       0
       0
       0
       0
       0
       0
       0
       0
       0
       0
       0
       0
       0
       0
       0
       0
       0
       0
       0
       0
       0
       0
       0
       1
       0
       0
       0
       0
       0
       0
       0
       0
       0
       0
       0
       0
       0
       0
       0
       0
       0
       0
       0
       0
       0
       0
       0
       0
       0
       0
       0
       0
       0
       0
       0
       0
       0
       0
       0
       0
       0
       0
       0
       0
       0
       0
       0
       0
       0
       0
       0
       0
       0
       0
       0
       0
       0
       0
       0
       0
       0
       0
       0
       0
       0
       0
       0
       0
       0
       0
       0
       0
       0
       0
       0
       0
       0
       0
       0
       0
       0
       0
       0
       0
       0
       0
       0
       0
       0
       0
       0
       0
       0
       0
       0
       0
       0
       0
       0
       0
       0
       0
       0
       0
       0
       0
       0
       0
       0
       0
       0
       0
       0
       0
       0
       0
       0
       0
       0
       0
       0
       0
       0
       0
       0
       0
       0
       0
       0
       0
       0
       0
       0
       0
       0
       0
       0
       0
       0
       0
       0
       0
       0
       0
       0
       0
       0
       0
       0
       0
       0
       0
       0
       0
       0
       1
       0
       0
       0
       0
       0
       0
       0
       0
       0
       0
       0
       0
       0
       0
       0
       0
       0
       0
       0
       0
       0
       0
       0
       0
       0
       0
       0
       0
       1
       0
       0
       0
       0
       0
       0
       0
       0
       0
       0
       0
       0
       0
       0
       0
       0
       0
       0
       0
       0
       0
       0
       0
       0
       0
       0
       0
       0
       0
       0
       0
       0
       0
       0
       0
       0
       0
       0
       0
       0
       0
       0
       0
       0
       0
       0
       0
       0
       0
       0
       0
       0
       0
       0
       0
       0
       0
       0
       0
       0
       0
       0
       0
       0
       0
       0
       0
       1
       0
       0
       0
       0
       0
       0
       0
       0
       0
       0
       0
       0
       0
       0
       0
       0
       0
       0
       0
       0
       0
       0
       0
       0
       0
       0
       0
       0
       0
       0
       0
       0
       0
       0
       0
       0
       0
       0
       0
       0
       0
       0
       0
       0
       0
       0
       0
       0
       0
       0
       0
       0
       0
       0
       0
       0
       0
       0
       0
       0
       0
       0
       0
       0
       0
       0
       0
       0
       0
       0
       0
       0
       0
       0
       0
       0
       0
       0
       0
       0
       0
       0
       0
       0
       0
       0
       0
       0
       0
       0
       0
       0
       0
       0
       0
       0
       0
       0
       0
       0
       0
       0
       0
       0
       0
       0
       0
       0
       0
       0
       0
       0
       0
       0
       0
       0
       0
       0
       0
       0
       0
       0
       0
       0
       0
       0
       0
       0
       0
       0
       0
       0
       0
       0
       0
       0
       0
       0
       0
       0
       0
       0
       0
       0
       0
       0
       0
       0
       0
       0
       0
       0
       0
       0
       0
       0
       0
       0
       0
       0
       0
       0
       0
       0
       0
       0
       0
       0
       0
       0
       0
       0
       0
       0
       0
       0
       0
       0
       0
       0
       0
       0
       0
       0
       0
$ROI:
2
7 37
309 377
$PRESETS:
Real Time
180
0
$ENER_FIT:
0.000000 0.000000
$MCA_CAL:
3
0.000000E+000 0.000000E+000 0.000000E+000 
$SHAPE_CAL:
3
0.000000E+000 0.000000E+000 0.000000E+000
