$SPEC_ID:
No sample description was entered.
$SPEC_REM:
DET# 1
DETDESC# LAB4D1 Easy-MCA-2k SN 14311467
AP# Maestro Version 7.01
$DATE_MEA:
11/24/2022 17:38:11
$MEAS_TIM:
52 60
$DATA:
0 2047
       0
       0
       0
       0
       0
       0
       0
       0
       0
       0
       0
       0
       0
       0
       0
       0
       0
       0
       0
       0
       0
      12
   30836
   45574
   39876
   33125
   29637
   26374
   23054
   19848
   17143
   15141
   12735
   10998
    9274
    7873
    6485
    5615
    4768
    4074
    3446
    2927
    2636
    2326
    2108
    1881
    1717
    1593
    1480
    1454
    1384
    1268
    1276
    1168
    1154
    1108
    1081
    1023
     980
     938
     942
     872
     772
     741
     724
     647
     637
     620
     561
     559
     513
     509
     425
     432
     387
     335
     319
     290
     273
     302
     240
     249
     200
     202
     177
     226
     179
     153
     181
     164
     155
     146
     140
     169
     147
     160
     125
     138
     136
     151
     122
     126
     113
     141
     125
     115
     107
     105
     120
     104
      99
      90
      82
      97
      87
      81
      85
      75
      76
      74
      65
      70
      60
      51
      61
      65
      48
      71
      56
      52
      43
      52
      48
      51
      38
      59
      46
      50
      56
      48
      58
      55
      50
      53
      57
      63
      55
      56
      67
      53
      64
      55
      60
      55
      47
      53
      50
      39
      44
      38
      50
      44
      42
      37
      32
      33
      27
      27
      30
      43
      27
      31
      25
      24
      27
      21
      23
      26
      28
      24
      17
      20
      26
      18
      24
      28
      23
      27
      24
      32
      24
      24
      20
      22
      21
      19
      22
      24
      16
      17
      22
       7
      25
      26
      12
      17
      25
      16
      20
      19
      22
      13
      16
      23
      23
      18
      15
      17
      17
      24
      19
      23
      23
      14
      26
      10
      17
      15
      18
      20
      12
      12
      24
      12
      15
      11
      21
      17
      14
      22
      15
      23
      18
      18
      16
      19
      22
      17
      22
      20
      17
      14
      25
      18
      28
      18
      16
      20
      19
      14
      22
      18
      24
      26
      33
      13
      28
      31
      30
      29
      31
      41
      32
      28
      28
      35
      28
      32
      33
      51
      28
      46
      39
      42
      37
      37
      39
      40
      33
      44
      35
      58
      53
      43
      54
      50
      49
      42
      57
      47
      65
      56
      52
      60
      66
      65
      81
      88
      76
     111
     118
     143
     171
     181
     205
     233
     297
     355
     372
     404
     482
     508
     666
     712
     802
     910
     995
    1086
    1205
    1413
    1520
    1645
    1670
    1718
    1854
    2092
    1995
    2091
    2155
    2154
    2142
    2107
    2052
    2000
    1874
    1815
    1692
    1585
    1518
    1405
    1284
    1068
    1039
     907
     858
     741
     676
     600
     501
     475
     374
     366
     283
     240
     223
     197
     195
     152
     122
     111
      91
      67
      75
      62
      43
      37
      43
      29
      20
      29
      20
      28
      14
      18
      10
      14
       6
       8
      12
       9
      10
       7
      10
       5
       9
      11
       5
       9
       5
       0
       4
       5
      10
       6
       3
       5
       2
       3
       2
       4
       4
       3
       3
       0
       2
       3
       3
       3
       5
       1
       2
       3
       3
       2
       3
       3
       2
       0
       2
       2
       4
       1
       0
       1
       2
       2
       5
       5
       4
       3
       6
       5
       2
       4
       3
       0
       3
       1
       3
       1
       1
       3
       2
       6
       2
       1
       2
       2
       2
       5
       4
       2
       2
       3
       3
       0
       2
       1
       0
       1
       2
       4
       4
       3
       4
       1
       0
       3
       1
       2
       3
       1
       1
       0
       1
       4
       2
       5
       3
       3
       1
       1
       1
       2
       4
       3
       0
       1
       2
       2
       1
       0
       4
       2
       1
       1
       1
       0
       1
       2
       0
       0
       2
       2
       3
       0
       0
       4
       2
       3
       2
       0
       0
       0
       2
       0
       2
       1
       1
       0
       3
       3
       3
       2
       2
       2
       2
       3
       1
       1
       2
       4
       1
       1
       2
       2
       3
       3
       2
       1
       3
       1
       0
       2
       1
       1
       2
       1
       0
       2
       3
       0
       3
       2
       1
       4
       2
       2
       2
       1
       3
       2
       2
       3
       1
       6
       4
       2
       3
       0
       2
       2
       2
       4
       4
       1
       4
       5
       3
       1
       0
       0
       3
       3
       3
       2
       1
       1
       3
       2
       0
       2
       0
       3
       1
       2
       1
       2
       3
       4
       0
       5
       1
       0
       5
       1
       1
       2
       1
       3
       1
       2
       1
       4
       2
       1
       2
       2
       1
       1
       1
       0
       2
       2
       0
       4
       2
       0
       2
       1
       6
       1
       0
       2
       4
       3
       1
       2
       1
       6
       2
       1
       2
       3
       2
       4
       1
       1
       4
       2
       1
       3
       2
       3
       6
       7
       3
       6
       3
       4
       3
       3
       0
       5
       7
       3
       5
       4
       3
       4
       2
       2
       6
       2
       4
       2
       2
       3
       2
       1
       2
       3
       0
       2
       0
       1
       0
       1
       1
       0
       0
       1
       2
       2
       0
       1
       0
       0
       0
       0
       0
       0
       0
       0
       0
       0
       0
       0
       0
       0
       0
       0
       0
       0
       0
       0
       0
       0
       0
       0
       0
       0
       0
       0
       0
       0
       0
       0
       0
       0
       0
       0
       0
       0
       1
       0
       0
       0
       0
       0
       0
       0
       0
       0
       0
       0
       0
       0
       0
       0
       0
       0
       0
       1
       0
       0
       0
       0
       0
       0
       0
       0
       0
       0
       0
       0
       0
       0
       1
       0
       0
       0
       0
       0
       0
       0
       0
       0
       0
       0
       0
       0
       0
       0
       1
       0
       0
       0
       0
       0
       0
       0
       1
       0
       0
       0
       0
       0
       0
       0
       0
       0
       1
       0
       1
       0
       0
       0
       0
       0
       0
       0
       0
       0
       0
       0
       0
       0
       0
       0
       0
       0
       0
       0
       0
       0
       0
       0
       0
       0
       0
       0
       0
       0
       0
       1
       0
       0
       0
       0
       0
       0
       0
       0
       0
       0
       0
       0
       0
       0
       0
       0
       0
       0
       0
       0
       0
       0
       0
       0
       0
       0
       0
       0
       0
       0
       0
       0
       0
       0
       0
       0
       0
       0
       0
       0
       0
       0
       1
       0
       0
       0
       0
       0
       0
       0
       0
       0
       0
       0
       0
       0
       0
       1
       0
       0
       0
       0
       1
       0
       0
       0
       0
       0
       0
       0
       0
       0
       0
       0
       0
       0
       0
       0
       0
       0
       0
       0
       0
       0
       0
       0
       0
       0
       0
       0
       0
       0
       0
       0
       0
       0
       0
       0
       0
       0
       0
       0
       0
       0
       0
       0
       0
       0
       0
       0
       0
       0
       0
       0
       0
       0
       0
       0
       0
       0
       0
       0
       0
       0
       0
       0
       0
       0
       0
       0
       0
       0
       0
       0
       0
       0
       0
       0
       0
       0
       0
       0
       0
       0
       0
       1
       0
       0
       0
       0
       0
       0
       0
       0
       0
       0
       0
       0
       0
       0
       0
       0
       0
       0
       0
       0
       0
       0
       0
       0
       0
       0
       0
       0
       0
       0
       0
       0
       0
       0
       0
       0
       0
       0
       0
       0
       0
       0
       0
       0
       0
       0
       0
       0
       0
       0
       0
       0
       0
       0
       0
       0
       0
       0
       0
       0
       0
       0
       0
       0
       0
       0
       0
       0
       0
       0
       0
       0
       0
       0
       0
       0
       0
       0
       0
       0
       0
       0
       0
       0
       0
       0
       0
       0
       0
       0
       0
       0
       0
       0
       0
       0
       0
       0
       0
       0
       0
       0
       0
       0
       0
       0
       0
       0
       0
       0
       0
       0
       0
       0
       0
       0
       0
       0
       0
       0
       0
       0
       0
       0
       0
       0
       0
       0
       0
       0
       0
       0
       0
       0
       0
       0
       0
       0
       0
       0
       0
       0
       0
       0
       0
       0
       0
       0
       0
       0
       0
       0
       0
       0
       0
       0
       0
       0
       0
       0
       0
       0
       0
       0
       0
       0
       0
       0
       0
       0
       0
       0
       1
       0
       0
       0
       0
       0
       0
       0
       0
       0
       0
       0
       0
       0
       0
       0
       0
       0
       0
       0
       0
       0
       0
       0
       0
       0
       0
       0
       0
       0
       0
       0
       0
       0
       0
       0
       0
       0
       0
       0
       0
       0
       0
       0
       0
       0
       0
       0
       0
       0
       0
       0
       0
       0
       0
       0
       0
       0
       0
       0
       0
       0
       0
       0
       0
       0
       0
       0
       0
       0
       0
       0
       0
       0
       0
       0
       0
       0
       0
       0
       0
       0
       0
       0
       0
       0
       0
       0
       0
       0
       0
       0
       0
       0
       0
       0
       0
       0
       0
       0
       0
       0
       0
       0
       0
       0
       0
       0
       0
       0
       0
       0
       0
       0
       0
       0
       0
       0
       0
       0
       0
       0
       0
       0
       0
       0
       0
       0
       0
       0
       0
       0
       0
       0
       0
       0
       0
       0
       0
       0
       0
       0
       0
       0
       0
       0
       0
       0
       0
       0
       0
       0
       0
       0
       0
       0
       0
       0
       0
       0
       0
       0
       0
       0
       0
       0
       0
       0
       0
       0
       1
       0
       0
       0
       0
       0
       0
       0
       0
       0
       0
       0
       0
       0
       0
       0
       0
       0
       0
       0
       0
       0
       0
       0
       0
       0
       0
       0
       0
       0
       0
       0
       0
       0
       0
       0
       0
       0
       0
       0
       0
       0
       0
       0
       0
       0
       0
       0
       0
       0
       0
       0
       0
       0
       0
       0
       0
       0
       0
       0
       0
       0
       0
       0
       0
       0
       0
       0
       0
       0
       0
       0
       0
       0
       0
       0
       0
       0
       0
       0
       0
       0
       0
       0
       0
       0
       0
       0
       0
       0
       0
       0
       0
       0
       0
       0
       0
       0
       0
       0
       0
       0
       0
       0
       0
       0
       0
       0
       0
       0
       0
       0
       0
       0
       0
       0
       0
       0
       0
       0
       0
       0
       1
       0
       0
       0
       0
       0
       0
       0
       0
       0
       0
       0
       0
       0
       0
       0
       0
       0
       0
       0
       0
       0
       0
       0
       0
       0
       0
       0
       0
       0
       0
       0
       0
       0
       0
       0
       0
       0
       0
       0
       0
       0
       0
       0
       0
       0
       0
       0
       0
       0
       1
       0
       0
       0
       0
       0
       0
       0
       0
       0
       0
       0
       0
       0
       0
       0
       0
       0
       0
       0
       0
       0
       0
       0
       0
       0
       0
       0
       0
       0
       0
       0
       0
       0
       0
       0
       0
       0
       0
       0
       1
       0
       0
       0
       0
       0
       0
       0
       0
       0
       0
       0
       0
       0
       0
       0
       0
       0
       0
       0
       0
       0
       0
       0
       0
       0
       0
       0
       0
       0
       0
       0
       0
       0
       0
       0
       0
       0
       0
       0
       0
       0
       0
       0
       0
       0
       0
       0
       0
       0
       0
       0
       0
       0
       0
       0
       0
       0
       0
       0
       0
       0
       0
       0
       0
       0
       0
       0
       0
       0
       0
       0
       0
       0
       0
       0
       0
       0
       0
       0
       0
       0
       0
       0
       0
       0
       0
       0
       0
       0
       0
       0
       0
       0
       0
       0
       0
       0
       0
       0
       0
       0
       0
       0
       0
       0
       0
       0
       0
       0
       0
       0
       0
       0
       0
       0
       0
       0
       0
       0
       0
       0
       0
       0
       0
       0
       0
       0
       0
       0
       0
       0
       0
       0
       0
       0
       0
       0
       0
       0
       0
       0
       0
       0
       0
       0
       0
       0
       0
       0
       0
       0
       0
       0
       0
       0
       0
       0
       0
       0
       0
       0
       0
       0
       0
       0
       0
       0
       0
       0
       0
       0
       0
       0
       0
       0
       0
       0
       1
       0
       0
       0
       0
       0
       0
       0
       0
       0
       0
       0
       0
       0
       0
       0
       0
       0
       0
       0
       0
       0
       0
       0
       0
       0
       0
       0
       0
       0
       0
       0
       0
       0
       0
       0
       1
       0
       0
       0
       0
       0
       0
       0
       0
       0
       0
       0
       0
       0
       0
       0
       0
       0
       0
       0
       0
       0
       0
       0
       0
       0
       0
       0
       0
       0
       0
       0
       0
       0
       0
       0
       0
       0
       0
       0
       0
       0
       0
       0
       0
       0
       0
       0
       0
       0
       0
       0
       0
       0
       0
       0
       0
       0
       0
       0
       0
       0
       0
       0
       0
       0
       0
       0
       0
       0
       0
       0
       0
       0
       0
       0
       0
       0
       0
       0
       0
       0
       0
       0
       0
       0
       0
       0
       0
       0
       0
       0
       0
       0
       0
       0
       0
       0
       0
       0
       0
       0
       0
       0
       0
       0
       0
       0
       0
       0
       0
       0
       0
       0
       0
       0
       0
       0
       0
       0
       0
       0
       0
       0
       0
       0
       0
       0
       0
       0
       0
       0
       0
       0
       0
       0
       0
       0
       0
       0
       0
       0
       0
       0
       0
       0
       0
       0
       0
       0
       0
       0
       0
       0
       0
       0
       0
       0
       0
       0
       0
       0
       0
       0
       0
       0
       0
       0
       0
       0
       0
       0
       0
       0
       0
       0
       0
       0
       0
       0
       0
       0
       0
       0
       0
       0
       0
       0
       0
       0
       0
       0
       0
       0
       0
       0
       0
       0
       0
       0
       0
       0
       0
       0
       0
       0
       0
       0
       0
       0
       0
       0
       0
       0
       0
       0
       0
       0
       0
       0
       0
       0
       0
       0
       0
       0
       0
       0
       0
       0
       0
       0
       0
       0
       0
       0
       0
       0
       0
       0
       0
       0
       0
       0
       0
       0
       0
       0
       0
       0
       0
       0
       0
       0
       0
       0
       0
       0
       0
       0
       0
       0
       0
       0
       0
       0
       0
       0
       0
       0
       0
       0
       0
       0
       0
       0
       0
       0
       0
       0
       0
       0
       0
       0
       0
       0
       0
       0
$ROI:
2
7 37
327 395
$PRESETS:
Real Time
60
0
$ENER_FIT:
0.000000 0.000000
$MCA_CAL:
3
0.000000E+000 0.000000E+000 0.000000E+000 
$SHAPE_CAL:
3
0.000000E+000 0.000000E+000 0.000000E+000
