$SPEC_ID:
No sample description was entered.
$SPEC_REM:
DET# 1
DETDESC# LAB4D1 Easy-MCA-2k SN 14311467
AP# Maestro Version 7.01
$DATE_MEA:
11/24/2022 17:31:06
$MEAS_TIM:
51 60
$DATA:
0 2047
       0
       0
       0
       0
       0
       0
       0
       0
       0
       0
       0
       0
       0
       0
       0
       0
       0
       0
       0
       0
       0
      21
   30720
   44695
   38805
   32665
   28509
   25233
   22149
   19348
   16973
   14801
   12709
   10985
    9461
    8272
    7020
    6089
    5283
    4655
    3803
    3288
    2928
    2574
    2252
    2023
    1739
    1568
    1416
    1357
    1182
    1158
    1051
     948
     966
     874
     835
     782
     722
     681
     655
     611
     541
     553
     516
     449
     406
     412
     405
     375
     381
     336
     290
     278
     263
     227
     246
     221
     180
     187
     184
     164
     160
     142
     146
     150
     153
     146
     123
     131
     124
     107
     107
     118
      92
     118
     106
     106
     112
      99
     110
      95
     115
      85
      87
      98
      91
      88
      81
      72
      72
      73
      74
      77
      57
      60
      67
      63
      62
      62
      58
      50
      40
      62
      55
      57
      47
      51
      41
      57
      54
      64
      46
      64
      53
      58
      61
      50
      71
      63
      51
      55
      81
      60
      64
      71
      85
      70
      78
      71
      89
      78
      63
      77
      84
      95
     106
      91
     100
     117
     108
     110
     131
     169
     158
     151
     192
     196
     253
     218
     272
     256
     323
     325
     350
     354
     397
     458
     415
     432
     443
     463
     502
     513
     538
     508
     519
     545
     555
     509
     565
     523
     517
     519
     519
     515
     478
     488
     510
     485
     464
     456
     470
     463
     427
     405
     410
     376
     355
     359
     308
     347
     295
     315
     299
     239
     227
     255
     208
     219
     230
     195
     195
     169
     214
     178
     191
     162
     170
     166
     160
     168
     152
     158
     157
     145
     148
     161
     146
     121
     137
     133
     123
     142
     142
     117
     117
     128
     134
     118
     129
     105
     125
     141
     104
     131
     120
     115
     134
     125
     109
     127
     125
     131
     123
     107
     119
     116
     100
     116
     132
     125
     127
     116
     101
     121
     109
     123
     122
     129
     126
     117
     121
     147
     126
     129
     114
     135
     131
     129
     116
     116
     132
     118
     136
     147
     135
     121
     131
     135
     124
     131
     128
     119
     153
     131
     152
     155
     181
     167
     193
     189
     186
     209
     232
     221
     267
     273
     292
     302
     352
     374
     400
     415
     479
     507
     532
     601
     595
     647
     695
     717
     802
     900
     870
     961
     906
     925
     859
     968
     896
     833
     899
     932
     821
     709
     755
     687
     640
     602
     533
     488
     428
     411
     355
     336
     293
     255
     220
     203
     139
     160
     128
      91
      81
      68
      71
      67
      64
      49
      50
      44
      34
      20
      23
      27
      16
      22
      14
      10
      10
      11
      11
      17
       7
       5
       3
       5
       5
       7
       5
       6
       5
       5
       3
       4
       2
       2
       4
       1
       2
       2
       1
       4
       4
       5
       5
       4
       4
       2
       3
       1
       3
       0
       6
       2
       4
       3
       0
       3
       4
       1
       2
       3
       1
       2
       0
       2
       3
       4
       1
       2
       1
       4
       1
       4
       0
       5
       3
       0
       3
       5
       1
       2
       2
       4
       1
       0
       3
       2
       2
       2
       4
       2
       2
       3
       1
       1
       0
       1
       2
       1
       1
       1
       3
       2
       2
       2
       0
       6
       1
       4
       2
       0
       3
       2
       3
       2
       0
       3
       1
       3
       1
       3
       2
       5
       0
       3
       3
       1
       6
       1
       2
       0
       2
       1
       1
       2
       2
       4
       4
       0
       3
       2
       0
       1
       1
       4
       1
       4
       2
       0
       3
       3
       1
       3
       1
       4
       3
       1
       1
       3
       4
       2
       0
       2
       2
       4
       0
       3
       4
       1
       2
       1
       4
       3
       3
       2
       1
       2
       2
       1
       0
       2
       2
       0
       0
       2
       2
       2
       0
       2
       0
       1
       0
       3
       0
       1
       3
       2
       1
       2
       1
       1
       0
       0
       1
       2
       2
       0
       1
       0
       3
       0
       4
       0
       3
       1
       0
       0
       0
       2
       1
       1
       2
       1
       3
       2
       1
       3
       1
       0
       3
       2
       0
       0
       0
       2
       1
       0
       0
       2
       2
       0
       1
       0
       0
       3
       2
       1
       1
       3
       0
       1
       0
       0
       0
       1
       0
       1
       2
       0
       0
       0
       2
       1
       4
       0
       0
       0
       1
       1
       0
       1
       0
       1
       2
       1
       1
       0
       0
       2
       2
       0
       0
       3
       0
       1
       0
       0
       0
       0
       0
       0
       1
       3
       2
       0
       0
       0
       1
       1
       1
       1
       3
       0
       0
       2
       0
       2
       0
       0
       2
       1
       0
       0
       2
       0
       0
       0
       0
       0
       0
       0
       0
       1
       1
       0
       1
       0
       0
       0
       1
       0
       0
       0
       0
       1
       0
       0
       0
       0
       0
       0
       0
       0
       0
       0
       0
       0
       0
       0
       0
       0
       0
       0
       0
       0
       0
       0
       0
       0
       0
       0
       0
       0
       0
       0
       0
       0
       0
       0
       0
       0
       0
       0
       0
       0
       0
       0
       0
       0
       0
       0
       1
       0
       0
       0
       0
       0
       1
       0
       0
       0
       0
       0
       0
       0
       0
       0
       0
       1
       0
       0
       0
       0
       0
       0
       0
       0
       0
       0
       0
       0
       0
       0
       1
       0
       0
       0
       0
       0
       0
       0
       0
       0
       0
       0
       0
       0
       0
       0
       0
       0
       0
       0
       0
       0
       1
       1
       0
       0
       0
       0
       0
       0
       0
       0
       0
       0
       0
       0
       0
       0
       0
       0
       0
       0
       0
       0
       0
       0
       0
       0
       0
       0
       0
       0
       0
       0
       0
       0
       0
       0
       0
       0
       0
       0
       0
       1
       0
       0
       0
       0
       0
       0
       0
       0
       0
       0
       0
       0
       0
       0
       0
       0
       0
       0
       0
       0
       0
       0
       0
       0
       0
       0
       0
       0
       0
       0
       0
       0
       0
       0
       0
       0
       0
       0
       0
       0
       1
       0
       0
       1
       0
       0
       0
       0
       0
       0
       0
       0
       0
       0
       0
       0
       0
       0
       0
       0
       0
       0
       0
       0
       0
       0
       0
       0
       0
       0
       0
       0
       0
       0
       0
       0
       0
       0
       0
       0
       0
       0
       0
       0
       0
       0
       0
       0
       0
       0
       0
       0
       0
       0
       0
       0
       0
       0
       0
       0
       0
       0
       0
       0
       0
       0
       0
       0
       0
       0
       0
       0
       0
       0
       0
       0
       0
       0
       0
       0
       0
       0
       0
       0
       0
       0
       0
       1
       0
       0
       0
       0
       0
       0
       0
       0
       0
       0
       1
       0
       0
       0
       0
       0
       0
       0
       0
       0
       0
       0
       0
       0
       0
       0
       0
       0
       0
       0
       0
       0
       0
       0
       0
       0
       0
       0
       0
       0
       0
       0
       0
       0
       0
       0
       0
       0
       0
       0
       2
       0
       0
       0
       0
       0
       0
       1
       0
       0
       0
       0
       0
       0
       0
       0
       0
       0
       0
       0
       0
       0
       0
       1
       0
       0
       0
       0
       0
       0
       0
       0
       0
       0
       0
       0
       0
       0
       0
       0
       0
       0
       0
       0
       0
       0
       0
       0
       0
       0
       0
       0
       0
       0
       0
       0
       0
       0
       1
       0
       0
       0
       0
       0
       0
       0
       0
       0
       0
       0
       0
       0
       0
       0
       0
       0
       0
       0
       0
       0
       0
       0
       0
       0
       0
       0
       0
       0
       0
       0
       0
       0
       0
       0
       0
       0
       0
       0
       0
       0
       0
       0
       0
       0
       0
       0
       0
       0
       0
       0
       0
       0
       0
       0
       0
       0
       0
       0
       0
       0
       0
       0
       0
       0
       0
       0
       0
       0
       0
       0
       0
       0
       0
       0
       0
       0
       0
       0
       0
       0
       0
       0
       0
       0
       0
       0
       0
       0
       0
       0
       0
       0
       0
       0
       0
       0
       0
       0
       0
       0
       0
       0
       0
       0
       0
       0
       0
       0
       0
       0
       0
       0
       0
       0
       0
       0
       0
       0
       0
       0
       1
       0
       0
       0
       0
       0
       0
       0
       0
       0
       0
       0
       0
       0
       0
       0
       0
       0
       0
       0
       0
       0
       0
       0
       0
       0
       0
       0
       0
       0
       0
       0
       0
       0
       0
       0
       0
       0
       0
       0
       0
       0
       0
       0
       0
       0
       0
       0
       0
       0
       0
       0
       0
       0
       0
       0
       0
       0
       0
       0
       0
       0
       0
       0
       0
       0
       0
       0
       0
       0
       0
       0
       0
       0
       0
       0
       0
       0
       0
       0
       0
       0
       0
       0
       0
       0
       0
       0
       0
       0
       0
       0
       0
       0
       0
       0
       0
       0
       0
       0
       0
       0
       0
       0
       0
       0
       0
       0
       0
       0
       0
       0
       0
       0
       0
       0
       0
       0
       0
       0
       0
       0
       0
       0
       0
       0
       0
       0
       0
       0
       0
       0
       0
       0
       0
       0
       0
       0
       0
       0
       0
       0
       0
       0
       0
       0
       0
       0
       0
       0
       0
       0
       0
       0
       0
       0
       0
       0
       0
       0
       0
       0
       0
       0
       0
       0
       0
       0
       0
       0
       0
       0
       0
       0
       0
       0
       0
       0
       0
       0
       0
       0
       0
       0
       0
       0
       0
       0
       0
       0
       0
       0
       0
       0
       0
       0
       0
       0
       0
       0
       0
       0
       0
       0
       0
       0
       0
       0
       0
       1
       0
       0
       0
       0
       0
       0
       0
       0
       0
       0
       0
       0
       0
       0
       0
       0
       0
       0
       0
       0
       0
       0
       0
       0
       0
       0
       0
       0
       0
       0
       0
       0
       0
       0
       0
       0
       0
       0
       0
       0
       0
       0
       0
       0
       0
       0
       0
       0
       0
       0
       0
       0
       0
       0
       0
       0
       0
       0
       0
       0
       0
       0
       0
       0
       0
       0
       0
       0
       0
       0
       0
       0
       0
       0
       0
       0
       0
       0
       0
       0
       0
       0
       0
       0
       0
       0
       0
       0
       0
       0
       0
       0
       0
       0
       0
       0
       0
       0
       0
       0
       0
       0
       0
       0
       0
       0
       0
       0
       0
       0
       0
       0
       0
       0
       0
       0
       0
       0
       0
       0
       0
       0
       0
       0
       0
       0
       0
       0
       0
       0
       0
       0
       0
       0
       0
       0
       0
       0
       0
       0
       0
       0
       0
       0
       0
       0
       0
       0
       0
       0
       0
       0
       0
       0
       0
       0
       0
       0
       0
       0
       0
       0
       0
       0
       0
       0
       0
       0
       1
       0
       0
       0
       0
       0
       0
       0
       0
       0
       0
       0
       0
       0
       0
       0
       0
       0
       0
       0
       0
       0
       0
       0
       0
       0
       0
       0
       0
       0
       0
       0
       0
       0
       0
       0
       0
       0
       0
       0
       0
       0
       0
       0
       0
       0
       0
       0
       0
       0
       0
       0
       0
       0
       0
       0
       0
       0
       0
       0
       0
       0
       0
       0
       0
       0
       0
       0
       0
       0
       0
       0
       0
       0
       0
       0
       0
       0
       0
       0
       0
       0
       0
       0
       0
       0
       0
       0
       0
       0
       0
       0
       0
       0
       0
       0
       0
       0
       0
       0
       0
       0
       0
       0
       0
       0
       0
       0
       0
       0
       0
       0
       0
       0
       0
       0
       0
       0
       0
       0
       0
       0
       0
       0
       0
       0
       0
       0
       0
       0
       0
       0
       0
       0
       0
       0
       0
       0
       0
       0
       0
       0
       0
       0
       0
       0
       0
       0
       0
       0
       0
       0
       0
       0
       0
       0
       0
       0
       0
       0
       0
       0
       0
       0
       0
       0
       0
       0
       0
       0
       0
       0
       0
       0
       0
       0
       0
       0
       0
       0
       0
       0
       0
       0
       0
       0
       0
       0
       0
       0
       0
       0
       0
       0
       0
       0
       0
       0
       0
       0
       0
       0
       0
       0
       0
       0
       0
       0
       0
       0
       0
       0
       0
       0
       0
       0
       0
       0
       0
       0
       0
       0
       0
       0
       0
       0
       0
       0
       0
       0
       0
       0
       0
       0
       0
       0
       0
       0
       0
       0
       0
       0
       0
       0
       0
       0
       0
       0
       0
       0
       0
       0
       0
       0
       0
       0
       0
       0
       0
       0
       0
       0
       0
       0
       0
       0
       0
       0
       0
       0
       0
       0
       0
       0
       0
       0
       0
       0
       0
       0
       0
       0
       0
       0
       0
       0
       0
       0
       0
       0
       0
       0
       0
       0
       0
       0
       0
       0
       0
       0
       0
       0
       0
       0
       0
       0
       0
       0
       0
       0
       0
       0
       0
       0
       0
       0
       0
       0
       0
       0
       0
       0
       0
       0
       0
       0
       0
       0
       0
       0
       0
       0
       0
       0
       0
       0
       0
       0
       0
       0
       0
       0
       0
       0
       0
       0
       0
       0
       0
       0
       0
       0
       0
       0
       0
       0
       0
       0
       0
       0
       0
       0
       0
       0
       0
       0
       0
       0
       0
       0
       0
       0
       0
       0
       0
       0
       0
       0
       0
       0
       0
       0
       0
       0
       0
       0
       0
       0
       0
       0
       0
       0
       0
       0
       0
       0
       0
       0
       0
       0
       0
       0
       0
       0
       0
       0
       0
       0
       0
       0
       0
       0
       0
       0
       0
       0
       0
       0
       0
       0
       0
       0
       0
       0
       0
       0
       0
       0
       0
       0
       0
       0
       0
       0
       0
       0
       0
       0
       0
       0
       0
       0
       0
       0
       0
       0
       0
       0
       0
       0
       0
       0
       0
       0
       0
       0
       0
       0
       0
       0
       0
       0
       0
       0
       0
       0
       0
       0
       0
       0
       0
       0
$ROI:
2
7 37
327 395
$PRESETS:
Real Time
60
0
$ENER_FIT:
0.000000 0.000000
$MCA_CAL:
3
0.000000E+000 0.000000E+000 0.000000E+000 
$SHAPE_CAL:
3
0.000000E+000 0.000000E+000 0.000000E+000
