$SPEC_ID:
No sample description was entered.
$SPEC_REM:
DET# 1
DETDESC# LAB4D1 Easy-MCA-2k SN 14311467
AP# Maestro Version 7.01
$DATE_MEA:
11/24/2022 17:39:35
$MEAS_TIM:
51 60
$DATA:
0 2047
       0
       0
       0
       0
       0
       0
       0
       0
       0
       0
       0
       0
       0
       0
       0
       0
       0
       0
       0
       0
       0
      20
   33398
   49236
   43702
   36896
   32463
   29114
   26130
   23135
   20271
   18065
   15382
   13550
   11541
    9974
    8667
    7532
    6676
    5593
    4822
    4094
    3694
    3155
    2778
    2531
    2198
    1985
    1885
    1698
    1613
    1458
    1444
    1390
    1264
    1225
    1140
    1111
    1011
    1000
     937
     834
     869
     807
     714
     739
     645
     638
     572
     536
     509
     482
     435
     448
     357
     338
     378
     296
     295
     285
     239
     233
     244
     220
     206
     189
     191
     169
     199
     167
     156
     158
     177
     122
     138
     149
     123
     154
     133
     125
     132
     122
     135
     124
     136
     129
     123
     115
     114
     105
      82
     102
     100
     108
      82
      93
      76
      76
      70
      74
      78
      70
      59
      64
      56
      62
      47
      65
      48
      49
      51
      44
      46
      49
      51
      46
      43
      45
      47
      50
      58
      42
      52
      62
      66
      59
      56
      56
      57
      57
      56
      65
      82
      64
      56
      45
      52
      40
      44
      40
      42
      37
      42
      35
      29
      30
      40
      27
      33
      30
      31
      23
      21
      20
      28
      27
      22
      30
      30
      28
      25
      18
      27
      25
      25
      23
      24
      19
      27
      33
      21
      21
      29
      30
      24
      28
      16
      20
      23
      20
      25
      26
      22
      14
      19
      17
      16
      19
      24
      21
      23
      22
      16
      18
      20
      17
      18
      13
      20
      31
      22
      18
      22
      12
      19
      18
      22
      12
      17
      13
      14
      17
      11
      13
      21
      19
      15
      13
      23
      20
      16
      11
      18
      18
      14
      24
      22
      15
      12
      19
      21
      21
      20
      26
      14
      26
      21
      25
      18
      25
      23
      22
      29
      27
      26
      26
      28
      26
      27
      19
      19
      35
      22
      28
      26
      25
      25
      20
      37
      31
      44
      32
      39
      32
      25
      45
      42
      40
      39
      34
      29
      27
      39
      47
      43
      38
      54
      63
      57
      55
      56
      55
      41
      54
      62
      72
      81
      83
      87
     120
     127
     122
     137
     191
     218
     266
     306
     321
     378
     428
     511
     534
     646
     700
     835
     914
    1015
    1103
    1207
    1378
    1394
    1508
    1639
    1759
    1904
    1990
    2033
    2006
    2098
    2075
    2074
    2089
    2070
    2001
    1951
    1825
    1756
    1641
    1497
    1431
    1320
    1201
    1126
    1009
     910
     738
     704
     604
     564
     512
     448
     380
     368
     260
     247
     203
     190
     160
     143
     125
     113
     117
      73
      83
      65
      50
      49
      36
      40
      29
      35
      30
      17
      19
      16
      10
      12
      11
      11
      12
      14
      15
       9
       9
       3
      10
       4
       5
       5
       5
       9
       7
      10
       7
       8
       0
       6
       3
       3
       5
       7
       3
       3
       5
       1
       1
       4
       0
       1
       0
       2
       5
       2
       3
       1
       6
       3
       1
       4
       2
       2
       1
       0
       5
       3
       2
       2
       1
       2
       2
       4
       2
       4
       5
       3
       4
       2
       1
       1
       1
       3
       2
       3
       3
       1
       1
       3
       3
       0
       3
       2
       2
       3
       4
       1
       2
       3
       0
       2
       6
       1
       3
       0
       5
       1
       3
       3
       2
       2
       4
       3
       2
       1
       1
       3
       4
       0
       0
       1
       0
       0
       5
       5
       0
       2
       3
       1
       1
       4
       2
       0
       2
       4
       4
       0
       0
       4
       1
       2
       2
       2
       1
       1
       1
       1
       2
       3
       3
       4
       1
       1
       2
       2
       3
       0
       0
       1
       3
       1
       1
       1
       0
       1
       1
       3
       0
       1
       2
       1
       0
       0
       2
       0
       0
       4
       0
       0
       0
       3
       1
       0
       1
       3
       2
       1
       4
       5
       1
       0
       3
       2
       2
       2
       3
       2
       1
       3
       2
       3
       2
       2
       3
       4
       5
       4
       3
       3
       5
       4
       5
       4
       1
       2
       2
       4
       3
       1
       3
       0
       2
       5
       3
       1
       3
       3
       1
       1
       2
       0
       4
       3
       1
       5
       2
       3
       2
       1
       3
       2
       3
       1
       0
       3
       2
       2
       2
       2
       0
       1
       0
       6
       1
       2
       3
       0
       0
       1
       1
       3
       0
       2
       1
       3
       1
       0
       2
       3
       1
       1
       2
       5
       2
       3
       2
       2
       2
       1
       3
       0
       0
       4
       2
       3
       0
       2
       3
       1
       1
       4
       4
       1
       2
       4
       0
       0
       2
       5
       5
       1
       8
       3
       5
       1
       2
       2
       3
       4
       5
       2
       3
       5
       5
       2
       3
       1
       1
       0
       2
       1
       2
       3
       4
       2
       1
       2
       1
       0
       0
       0
       0
       0
       3
       1
       0
       2
       0
       1
       1
       1
       1
       0
       1
       0
       1
       0
       0
       1
       0
       0
       0
       0
       0
       0
       0
       0
       0
       0
       1
       0
       0
       0
       0
       0
       0
       0
       0
       0
       0
       0
       0
       0
       0
       0
       0
       0
       0
       0
       0
       0
       0
       0
       0
       0
       0
       0
       0
       0
       0
       0
       0
       0
       0
       0
       0
       0
       0
       0
       0
       0
       0
       0
       0
       0
       0
       0
       0
       0
       0
       0
       0
       0
       0
       0
       0
       0
       0
       0
       0
       0
       0
       0
       0
       0
       0
       0
       0
       0
       0
       0
       0
       0
       0
       0
       0
       0
       0
       0
       0
       0
       0
       0
       0
       0
       1
       0
       0
       0
       0
       0
       0
       0
       0
       0
       0
       0
       0
       0
       0
       0
       0
       0
       0
       0
       0
       0
       0
       0
       0
       0
       0
       0
       0
       0
       0
       0
       0
       0
       0
       0
       0
       0
       0
       0
       0
       0
       0
       0
       0
       0
       0
       0
       0
       0
       0
       0
       1
       0
       0
       0
       0
       0
       0
       0
       0
       0
       0
       0
       0
       0
       0
       0
       0
       0
       0
       0
       0
       0
       0
       0
       0
       0
       1
       0
       1
       0
       0
       0
       0
       0
       0
       0
       0
       0
       0
       0
       0
       0
       0
       0
       0
       0
       0
       0
       0
       0
       0
       0
       0
       0
       0
       0
       0
       0
       0
       0
       0
       0
       0
       0
       0
       0
       0
       0
       0
       0
       0
       0
       0
       0
       1
       1
       0
       0
       0
       0
       0
       0
       0
       0
       0
       0
       0
       1
       0
       0
       0
       0
       0
       0
       0
       0
       0
       0
       0
       0
       0
       0
       0
       0
       0
       0
       0
       0
       0
       0
       0
       0
       0
       0
       0
       0
       0
       0
       0
       0
       0
       0
       0
       0
       0
       0
       0
       0
       0
       0
       0
       0
       0
       0
       0
       0
       0
       0
       0
       0
       0
       0
       0
       0
       0
       0
       0
       0
       0
       0
       0
       0
       0
       0
       0
       0
       0
       0
       0
       0
       0
       0
       0
       0
       0
       0
       0
       0
       0
       0
       0
       0
       0
       0
       0
       0
       0
       0
       0
       0
       0
       0
       0
       0
       0
       0
       1
       0
       0
       0
       0
       0
       0
       0
       0
       0
       0
       0
       0
       0
       0
       0
       0
       0
       0
       0
       0
       0
       0
       0
       0
       0
       0
       0
       0
       0
       0
       0
       0
       0
       0
       0
       0
       0
       0
       0
       0
       0
       0
       0
       0
       0
       1
       0
       0
       0
       0
       0
       0
       0
       0
       0
       1
       0
       0
       0
       0
       0
       0
       0
       0
       0
       0
       0
       0
       0
       0
       0
       0
       0
       0
       0
       0
       0
       0
       0
       0
       0
       0
       0
       0
       0
       0
       0
       0
       0
       1
       0
       0
       0
       1
       0
       1
       0
       0
       0
       0
       0
       0
       0
       0
       0
       0
       0
       0
       1
       0
       0
       1
       0
       0
       0
       0
       0
       0
       1
       0
       0
       0
       0
       0
       0
       0
       0
       0
       0
       0
       0
       0
       0
       0
       0
       0
       0
       0
       0
       0
       0
       0
       0
       0
       0
       0
       0
       0
       0
       0
       0
       0
       0
       0
       0
       0
       0
       0
       0
       0
       0
       0
       0
       0
       0
       0
       0
       0
       0
       0
       0
       0
       0
       0
       0
       0
       0
       0
       0
       0
       0
       0
       0
       0
       0
       0
       0
       0
       0
       0
       0
       0
       0
       0
       0
       0
       0
       0
       0
       0
       0
       0
       0
       0
       0
       0
       0
       0
       0
       0
       0
       0
       0
       0
       0
       0
       0
       0
       0
       0
       0
       0
       0
       0
       0
       0
       0
       0
       0
       0
       0
       0
       0
       0
       0
       0
       0
       0
       0
       0
       0
       0
       0
       0
       0
       0
       0
       0
       0
       0
       0
       0
       0
       0
       0
       0
       0
       0
       0
       0
       0
       0
       0
       0
       0
       0
       0
       0
       0
       0
       0
       0
       0
       0
       0
       0
       0
       0
       0
       0
       0
       0
       0
       0
       0
       0
       0
       0
       0
       0
       0
       0
       0
       0
       0
       0
       0
       0
       0
       0
       0
       0
       0
       0
       0
       0
       0
       0
       0
       0
       0
       0
       0
       0
       0
       0
       0
       0
       0
       0
       0
       0
       0
       0
       0
       0
       0
       0
       0
       0
       0
       0
       0
       0
       0
       0
       0
       0
       0
       0
       0
       0
       0
       0
       0
       0
       0
       0
       0
       0
       0
       0
       0
       0
       0
       0
       0
       0
       0
       0
       0
       0
       0
       0
       0
       0
       0
       1
       0
       0
       0
       0
       0
       0
       0
       0
       0
       0
       0
       0
       0
       0
       0
       0
       0
       0
       0
       0
       0
       0
       0
       0
       0
       0
       0
       0
       0
       0
       0
       0
       0
       0
       0
       0
       0
       0
       0
       0
       0
       0
       0
       0
       0
       0
       0
       0
       0
       0
       0
       0
       0
       0
       0
       0
       0
       0
       0
       0
       0
       0
       0
       0
       0
       0
       0
       0
       0
       0
       0
       0
       0
       0
       0
       0
       0
       0
       0
       0
       0
       0
       1
       0
       0
       0
       0
       0
       0
       0
       0
       0
       0
       0
       0
       0
       0
       0
       0
       0
       0
       0
       0
       0
       0
       0
       0
       0
       0
       0
       0
       0
       0
       0
       0
       0
       0
       0
       0
       0
       0
       0
       0
       0
       0
       0
       0
       0
       0
       0
       0
       0
       0
       0
       0
       0
       0
       0
       0
       0
       0
       0
       0
       0
       0
       0
       0
       0
       0
       0
       0
       0
       0
       0
       0
       0
       0
       0
       0
       0
       0
       0
       0
       0
       0
       0
       0
       0
       0
       0
       0
       0
       0
       0
       0
       0
       0
       0
       0
       0
       0
       0
       0
       0
       0
       0
       0
       0
       0
       0
       0
       0
       0
       0
       0
       0
       0
       0
       0
       0
       0
       0
       0
       0
       0
       0
       0
       0
       0
       0
       0
       0
       0
       0
       0
       0
       0
       0
       0
       0
       0
       0
       0
       0
       0
       0
       0
       0
       0
       0
       0
       0
       0
       0
       0
       0
       0
       0
       0
       0
       0
       0
       0
       0
       0
       0
       0
       0
       0
       0
       0
       0
       0
       0
       0
       0
       0
       0
       0
       0
       0
       0
       0
       0
       0
       0
       0
       0
       0
       0
       0
       0
       0
       0
       0
       0
       1
       0
       0
       0
       0
       0
       0
       0
       0
       0
       0
       0
       1
       0
       0
       0
       0
       0
       0
       0
       0
       0
       0
       0
       0
       0
       0
       0
       0
       0
       0
       0
       0
       0
       0
       0
       0
       0
       0
       0
       0
       0
       0
       0
       0
       0
       0
       0
       0
       0
       0
       0
       0
       0
       0
       0
       0
       0
       0
       0
       0
       0
       0
       0
       0
       0
       0
       0
       0
       0
       0
       0
       0
       0
       0
       0
       0
       0
       0
       0
       0
       0
       0
       0
       0
       0
       0
       0
       0
       0
       0
       0
       1
       0
       0
       0
       0
       0
       0
       0
       0
       0
       0
       0
       0
       0
       0
       0
       0
       0
       0
       0
       0
       0
       0
       0
       0
       0
       0
       0
       0
       0
       0
       0
       0
       0
       0
       0
       0
       0
       0
       0
       0
       0
       0
       0
       0
       0
       0
       0
       0
       0
       0
       0
       0
       0
       0
       0
       0
       0
       0
       0
       0
       0
       0
       0
       0
       0
       0
       0
       0
       0
       0
       0
       0
       0
       0
       0
       0
       0
       0
       0
       0
       0
       0
       0
       0
       0
       0
       0
       0
       0
       0
       0
       0
       0
       0
       0
       0
       0
       0
       0
       0
       0
       0
       0
       0
       0
       0
       0
       0
       0
       0
       0
       0
       0
       0
       0
       0
       0
       0
       0
       0
       0
       0
       0
       0
       0
       0
       0
       0
       0
       0
       0
       0
       0
       0
       0
       0
       0
       0
       0
       0
       0
       0
       0
       0
       0
       0
       0
       0
       0
       0
       0
       0
       1
       0
       0
       0
       0
       0
       0
       0
       0
       0
       0
       0
       0
       0
       0
       0
       0
       0
       0
       0
       0
       0
       0
       0
       0
       0
       0
       0
       0
       0
       0
       0
       0
       0
       0
       0
       0
       0
       0
       0
       0
       0
       0
       0
       0
       0
       0
       0
       0
       0
       0
       0
       0
       0
       0
       0
       0
       0
       0
       0
       0
       0
       0
       0
       0
       0
       0
       0
       0
       0
       0
       0
       0
       0
       0
       0
       0
       0
       0
       0
       0
       0
       0
       0
       0
       0
       0
       0
       0
       0
       0
       0
       0
       0
       0
       0
       0
       0
       0
       0
       0
       0
       0
       0
       0
       0
       0
$ROI:
2
7 37
327 395
$PRESETS:
Real Time
60
0
$ENER_FIT:
0.000000 0.000000
$MCA_CAL:
3
0.000000E+000 0.000000E+000 0.000000E+000 
$SHAPE_CAL:
3
0.000000E+000 0.000000E+000 0.000000E+000
