$SPEC_ID:
No sample description was entered.
$SPEC_REM:
DET# 1
DETDESC# LAB4D1 Easy-MCA-2k SN 14311467
AP# Maestro Version 7.01
$DATE_MEA:
11/24/2022 17:36:41
$MEAS_TIM:
53 60
$DATA:
0 2047
       0
       0
       0
       0
       0
       0
       0
       0
       0
       0
       0
       0
       0
       0
       0
       0
       0
       0
       0
       0
       0
      14
   25527
   36868
   30309
   25930
   22183
   19294
   16226
   13638
   11356
    9693
    7860
    6778
    5465
    4701
    3859
    3166
    2798
    2484
    2315
    2046
    1868
    1739
    1682
    1601
    1465
    1431
    1348
    1392
    1267
    1334
    1198
    1159
    1119
    1072
     989
     995
     954
     866
     871
     858
     793
     786
     718
     640
     614
     561
     518
     461
     466
     466
     414
     393
     331
     305
     294
     268
     238
     239
     215
     208
     164
     188
     159
     167
     162
     146
     186
     139
     141
     144
     151
     134
     137
     127
     146
     129
     146
     148
     130
     126
     124
     136
     123
     103
     109
     114
     117
      98
      79
      88
      71
      90
      90
      86
      74
      70
      66
      72
      50
      61
      54
      54
      46
      67
      54
      42
      55
      46
      42
      48
      53
      50
      46
      50
      56
      59
      49
      54
      56
      64
      41
      54
      50
      42
      59
      54
      65
      61
      60
      64
      36
      52
      51
      43
      39
      38
      32
      32
      46
      38
      36
      37
      28
      38
      31
      23
      23
      30
      27
      29
      21
      24
      26
      21
      30
      28
      32
      27
      21
      29
      28
      32
      30
      29
      27
      26
      20
      19
      25
      29
      16
      23
      16
      27
      26
      28
      21
      26
      17
      24
      22
      21
      21
      21
      31
      16
      15
      12
      24
      20
      24
      19
      18
      22
      28
      15
      17
      11
      26
      20
      25
      19
      24
      21
      19
      13
      18
      21
      17
      19
      17
      15
      21
      21
      21
      12
      29
      25
      25
      19
      34
      28
      24
      16
      29
      25
      25
      20
      20
      23
      29
      27
      20
      25
      22
      29
      30
      20
      26
      18
      27
      29
      28
      22
      33
      36
      33
      34
      35
      46
      39
      32
      50
      34
      48
      36
      41
      44
      34
      37
      46
      50
      42
      46
      53
      49
      63
      48
      66
      79
      85
      79
      85
     101
     106
      99
      91
     133
     134
     156
     191
     196
     195
     240
     282
     275
     317
     348
     329
     402
     427
     466
     509
     546
     616
     699
     684
     719
     772
     882
     938
     956
    1038
    1191
    1241
    1346
    1350
    1475
    1475
    1697
    1646
    1796
    1841
    1868
    1868
    1976
    1912
    1904
    1832
    1808
    1825
    1647
    1670
    1485
    1442
    1305
    1199
    1078
    1030
     861
     767
     733
     648
     506
     490
     440
     377
     296
     284
     214
     157
     144
     155
      98
      95
      89
      56
      65
      50
      41
      34
      40
      28
      15
      18
      24
      17
      24
      13
      10
       8
      14
      10
       7
       7
       7
       8
       4
      11
       4
       3
       3
       4
       3
       4
       2
       7
       7
       4
       6
       2
       5
       5
       6
       3
       3
       0
       6
       2
       3
       2
       2
       1
       0
       4
       4
       5
       1
       5
       1
       2
       3
       1
       4
       3
       1
       1
       0
       2
       1
       6
       5
       4
       1
       2
       2
       2
       1
       2
       4
       2
       2
       3
       5
       5
       2
       4
       2
       1
       2
       1
       3
       0
       3
       4
       2
       1
       5
       2
       1
       2
       3
       2
       4
       2
       1
       2
       2
       4
       3
       4
       2
       2
       5
       2
       1
       0
       1
       1
       1
       3
       2
       1
       1
       4
       3
       2
       1
       0
       5
       4
       0
       2
       3
       1
       0
       0
       2
       2
       4
       3
       1
       1
       1
       4
       1
       3
       1
       1
       2
       2
       0
       2
       2
       1
       1
       2
       2
       1
       3
       4
       0
       6
       3
       2
       1
       1
       2
       0
       3
       1
       1
       2
       3
       2
       4
       0
       0
       3
       4
       1
       0
       4
       1
       2
       0
       2
       2
       1
       4
       1
       1
       2
       1
       3
       2
       3
       1
       3
       3
       2
       4
       2
       1
       3
       0
       1
       2
       1
       4
       2
       1
       1
       4
       5
       3
       3
       0
       0
       6
       4
       3
       2
       3
       3
       2
       7
       2
       5
       2
       1
       1
       1
       1
       0
       0
       4
       3
       0
       3
       2
       4
       3
       4
       2
       5
       5
       0
       0
       3
       1
       0
       3
       3
       2
       6
       5
       3
       3
       1
       1
       4
       2
       0
       3
       2
       0
       3
       1
       1
       1
       4
       2
       2
       0
       1
       2
       1
       2
       3
       5
       1
       2
       3
       3
       1
       4
       5
       2
       3
       4
       1
       2
       2
       4
       6
       3
       3
       5
       3
       4
       4
       1
       1
       4
       5
       1
       2
       2
       3
       0
       4
       2
       1
       1
       3
       3
       3
       2
       1
       2
       1
       0
       0
       0
       1
       1
       0
       0
       2
       0
       1
       2
       1
       1
       0
       0
       0
       0
       0
       0
       0
       0
       1
       0
       1
       0
       0
       0
       0
       0
       0
       0
       0
       0
       0
       0
       1
       0
       0
       1
       0
       0
       0
       0
       0
       0
       0
       0
       0
       0
       0
       0
       0
       0
       0
       0
       0
       0
       1
       0
       0
       0
       0
       0
       0
       0
       0
       0
       0
       0
       0
       0
       0
       0
       0
       0
       0
       0
       0
       0
       0
       0
       0
       0
       0
       0
       0
       0
       0
       0
       0
       0
       0
       0
       0
       0
       0
       0
       0
       0
       0
       0
       0
       0
       0
       0
       0
       1
       0
       0
       0
       0
       0
       0
       0
       0
       0
       0
       0
       0
       0
       0
       0
       0
       0
       0
       0
       0
       0
       0
       0
       0
       0
       0
       0
       0
       0
       0
       0
       0
       0
       0
       0
       0
       0
       0
       0
       0
       0
       0
       0
       0
       0
       0
       0
       0
       0
       0
       0
       0
       0
       0
       0
       0
       0
       0
       0
       0
       0
       0
       0
       0
       0
       0
       0
       0
       0
       0
       0
       0
       0
       0
       0
       0
       0
       0
       0
       0
       0
       0
       0
       0
       0
       0
       0
       0
       0
       0
       0
       0
       0
       0
       0
       1
       0
       0
       0
       0
       0
       0
       0
       0
       0
       0
       0
       0
       0
       0
       1
       0
       0
       0
       0
       0
       0
       0
       0
       0
       0
       0
       0
       0
       0
       0
       0
       0
       1
       0
       0
       0
       0
       0
       0
       0
       0
       0
       0
       0
       0
       0
       0
       0
       0
       0
       0
       0
       0
       0
       0
       0
       1
       1
       1
       0
       0
       0
       0
       0
       0
       0
       0
       0
       0
       0
       0
       0
       0
       1
       0
       0
       0
       0
       1
       0
       0
       0
       0
       0
       0
       0
       0
       0
       0
       0
       0
       0
       0
       0
       0
       0
       0
       0
       0
       0
       0
       0
       0
       0
       0
       0
       0
       0
       0
       0
       0
       0
       0
       0
       0
       0
       0
       0
       0
       0
       0
       0
       0
       0
       0
       0
       0
       0
       0
       0
       0
       0
       0
       0
       0
       0
       0
       0
       0
       0
       0
       0
       0
       0
       0
       0
       0
       0
       0
       0
       0
       0
       0
       0
       0
       0
       0
       1
       0
       0
       0
       0
       0
       0
       0
       0
       0
       0
       0
       0
       0
       0
       0
       0
       0
       0
       0
       1
       0
       0
       0
       0
       0
       0
       0
       0
       0
       0
       0
       0
       0
       0
       0
       0
       0
       0
       0
       0
       0
       0
       0
       0
       0
       0
       0
       0
       0
       0
       0
       0
       0
       0
       0
       0
       0
       0
       0
       0
       0
       0
       0
       0
       0
       0
       0
       0
       0
       0
       0
       0
       0
       0
       0
       0
       0
       0
       0
       0
       0
       0
       0
       0
       0
       0
       0
       0
       0
       0
       0
       0
       0
       1
       0
       0
       1
       0
       0
       0
       0
       0
       0
       0
       0
       0
       0
       0
       0
       0
       0
       0
       0
       0
       0
       0
       0
       0
       0
       0
       0
       0
       0
       0
       0
       0
       0
       0
       0
       0
       0
       0
       0
       0
       0
       0
       0
       0
       0
       0
       0
       0
       0
       0
       0
       0
       0
       0
       0
       0
       0
       0
       0
       0
       0
       0
       0
       0
       0
       0
       0
       0
       0
       0
       0
       0
       0
       0
       0
       0
       0
       0
       0
       0
       0
       0
       0
       0
       0
       0
       0
       0
       0
       0
       0
       0
       0
       0
       0
       0
       0
       0
       0
       0
       0
       0
       0
       0
       0
       0
       0
       0
       0
       0
       0
       0
       0
       0
       0
       0
       0
       0
       0
       0
       0
       0
       0
       0
       0
       0
       0
       0
       0
       0
       0
       0
       0
       0
       0
       0
       0
       0
       0
       0
       0
       0
       0
       0
       0
       0
       0
       0
       0
       0
       0
       0
       0
       0
       0
       0
       0
       0
       0
       0
       0
       0
       0
       0
       0
       0
       0
       0
       0
       0
       0
       0
       0
       0
       0
       0
       0
       0
       0
       0
       0
       0
       0
       0
       0
       0
       0
       0
       0
       0
       0
       0
       0
       0
       0
       0
       0
       0
       0
       0
       0
       0
       0
       0
       0
       0
       0
       0
       0
       0
       0
       0
       0
       0
       0
       0
       0
       0
       0
       0
       0
       0
       0
       1
       0
       0
       0
       0
       0
       0
       0
       0
       0
       0
       0
       0
       0
       0
       0
       0
       0
       0
       0
       0
       0
       0
       0
       0
       0
       0
       0
       0
       0
       0
       0
       0
       0
       0
       0
       0
       0
       0
       0
       0
       0
       0
       0
       0
       0
       0
       0
       0
       0
       0
       0
       0
       0
       0
       0
       0
       0
       0
       0
       0
       0
       0
       0
       0
       0
       1
       0
       0
       0
       0
       0
       0
       0
       0
       0
       0
       0
       0
       0
       0
       0
       0
       0
       0
       0
       0
       0
       0
       0
       0
       0
       0
       0
       0
       0
       0
       0
       0
       0
       0
       0
       0
       0
       0
       0
       0
       0
       0
       0
       0
       0
       0
       0
       0
       0
       0
       0
       0
       0
       0
       0
       0
       0
       0
       0
       0
       0
       0
       0
       0
       0
       0
       0
       0
       0
       0
       0
       0
       0
       0
       0
       0
       0
       0
       0
       0
       0
       0
       0
       0
       0
       0
       0
       0
       0
       0
       0
       0
       0
       0
       0
       0
       0
       0
       0
       0
       0
       0
       0
       0
       0
       0
       0
       0
       0
       0
       0
       0
       0
       0
       0
       0
       0
       0
       0
       0
       0
       0
       0
       0
       0
       0
       0
       0
       0
       0
       0
       0
       0
       0
       0
       0
       0
       0
       0
       0
       0
       0
       0
       0
       0
       0
       0
       0
       0
       0
       0
       0
       0
       0
       0
       0
       0
       0
       0
       0
       0
       0
       0
       0
       0
       0
       0
       0
       0
       0
       0
       0
       0
       0
       0
       0
       0
       0
       0
       0
       0
       0
       0
       0
       0
       0
       0
       0
       0
       0
       0
       0
       0
       0
       0
       0
       0
       0
       0
       0
       0
       0
       0
       0
       0
       0
       0
       0
       0
       0
       0
       0
       0
       0
       0
       0
       0
       0
       0
       0
       0
       0
       0
       0
       0
       0
       0
       0
       0
       0
       0
       0
       0
       0
       0
       0
       0
       0
       0
       0
       0
       0
       0
       0
       0
       0
       0
       0
       0
       0
       0
       0
       0
       0
       0
       0
       0
       0
       0
       0
       0
       0
       0
       0
       0
       0
       0
       0
       0
       0
       0
       0
       0
       0
       0
       0
       0
       0
       0
       0
       0
       0
       0
       0
       0
       0
       0
       0
       0
       0
       0
       0
       0
       0
       0
       0
       0
       0
       0
       0
       0
       0
       0
       1
       0
       0
       0
       0
       0
       0
       0
       0
       0
       0
       0
       0
       0
       0
       0
       0
       0
       0
       0
       0
       0
       0
       0
       0
       0
       0
       0
       0
       0
       0
       0
       0
       0
       0
       0
       0
       0
       0
       0
       0
       0
       0
       0
       0
       0
       0
       0
       0
       0
       0
       0
       0
       0
       0
       0
       0
       0
       0
       0
       0
       0
       0
       0
       0
       0
       0
       0
       0
       0
       0
       0
       0
       0
       0
       0
       0
       0
       0
       0
       0
       0
       0
       0
       0
       0
       0
       0
       0
       0
       0
       0
       0
       0
       0
       0
       0
       0
       0
       0
       0
       0
       0
       0
       0
       0
       0
       0
       0
       0
       0
       0
       0
       0
       0
       0
       0
       0
       0
       0
       0
       0
       0
       0
       0
       0
       0
       0
       0
       0
       0
       0
       0
       0
       0
       0
       0
       0
       0
       0
       0
       0
       0
       0
       0
       0
       0
       0
       0
       0
       0
       0
       0
       0
       0
       0
       0
       0
       0
       0
       0
       0
       0
       0
       0
       0
       0
       0
       0
       0
       0
       0
       0
       0
       0
       0
       0
       0
       0
       0
       0
       0
       0
       0
       0
       0
       0
       0
       0
       0
       0
       0
       0
       0
       0
       0
       0
       0
       0
       0
       0
       0
       0
       0
       0
       0
       0
       0
       0
       0
       0
       0
       0
       0
       0
       0
       0
       0
       0
       0
       0
       0
       0
       0
       0
       0
       0
       0
       0
       0
       0
       0
       0
       0
       0
       0
       0
       0
       0
       0
       0
       0
       0
       0
       0
       0
       0
       0
       0
       0
       0
       0
       0
       0
       0
       0
       0
       0
       0
       0
       0
       0
       0
       0
       0
       0
       0
       0
       0
       0
       0
       0
       0
       0
       0
       0
       0
       0
       0
       0
       0
       0
       0
       0
       0
       0
       0
       0
       0
       0
       0
       0
       0
       0
       0
       0
       0
       0
       0
       0
       0
       0
       0
       0
       0
       0
       0
       0
       0
       0
       0
       0
       0
       0
       0
       0
$ROI:
2
7 37
327 395
$PRESETS:
Real Time
60
0
$ENER_FIT:
0.000000 0.000000
$MCA_CAL:
3
0.000000E+000 0.000000E+000 0.000000E+000 
$SHAPE_CAL:
3
0.000000E+000 0.000000E+000 0.000000E+000
