Voltage(V) Current(nA)
  0.00  -11.11737000
  0.00  -11.97388000
 -0.10  -25.60554000
 -0.20  -24.38479000
 -0.30  -27.23319000
 -0.40  -78.70794000
 -0.50  -2406.05800000
 -0.60  -44324.20000000
 -0.70  -166014.80000000
 -0.80  -320015.90000000
 -0.90  -485248.00000000
 -1.00  -656269.80000000
 -1.10  -829936.40000000
 -1.20  -1005215.00000000
 -1.30  -1182231.00000000
 -1.40  -1360228.00000000
 -1.50  -1538645.00000000
 -1.60  -1718066.00000000
 -1.70  -1897671.00000000
 -1.80  -2078242.00000000
 -1.90  98999999999999988926107162687274015908859740160.00000000
 -2.00  98999999999999988926107162687274015908859740160.00000000
 -2.10  98999999999999988926107162687274015908859740160.00000000
 -2.20  98999999999999988926107162687274015908859740160.00000000
 -2.30  98999999999999988926107162687274015908859740160.00000000
 -2.40  98999999999999988926107162687274015908859740160.00000000
 -2.50  98999999999999988926107162687274015908859740160.00000000
 -2.50  98999999999999988926107162687274015908859740160.00000000
