#$SPEC_ID:
#No sample description was entered.
#$SPEC_REM:
#DET# 1
#DETDESC# LAB4D1 Easy-MCA-2k SN 14311467
#AP# Maestro Version 7.01
#$DATE_MEA:
##11/29/2022 16:09:07
#$MEAS_TIM:
#120 180
#$DATA:
#0 2047
       0
       0
       0
       0
       0
       0
       0
       0
       0
       0
       0
       0
       0
       0
       0
       0
       0
       0
       0
       0
       0
     161
   37924
   58138
   54562
   52380
   48313
   46048
   46203
   46383
   46086
   46458
   47293
   47906
   48596
   49454
   50471
   50778
   51769
   52231
   53126
   54108
   54385
   55224
   55889
   56558
   57748
   58129
   60083
   61388
   62623
   63951
   65898
   67181
   68218
   69380
   69760
   70376
   70375
   70388
   70013
   69325
   67984
   66719
   65439
   63714
   62339
   59810
   57895
   55985
   54270
   52020
   50409
   48934
   47908
   47168
   46223
   45746
   45715
   45449
   45996
   45807
   46201
   46260
   46310
   45908
   45451
   44771
   43161
   41685
   39421
   38130
   35935
   33414
   30366
   28050
   25134
   22495
   19765
   17310
   15151
   12884
   10798
    9276
    7469
    6285
    5250
    4302
    3394
    2774
    2368
    1890
    1572
    1305
    1121
     992
     853
     788
     716
     677
     610
     606
     564
     496
     462
     451
     461
     398
     401
     419
     366
     399
     355
     363
     335
     332
     317
     311
     299
     250
     262
     238
     257
     270
     248
     222
     225
     209
     194
     175
     187
     164
     164
     164
     131
     140
     120
      85
     108
      99
      91
      71
      79
      70
      81
      82
      57
      61
      68
      36
      58
      54
      62
      63
      48
      49
      56
      56
      51
      43
      36
      60
      43
      47
      46
      53
      38
      41
      41
      39
      51
      50
      44
      46
      45
      43
      49
      49
      49
      33
      47
      43
      36
      41
      46
      48
      55
      44
      40
      44
      38
      27
      39
      35
      36
      40
      51
      49
      38
      43
      46
      50
      26
      44
      32
      38
      41
      29
      33
      36
      50
      32
      26
      44
      37
      44
      40
      36
      30
      37
      30
      32
      37
      51
      47
      39
      50
      46
      41
      36
      42
      41
      48
      31
      30
      31
      48
      39
      39
      49
      43
      42
      31
      30
      44
      49
      59
      47
      57
      46
      53
      52
      43
      47
      59
      63
      59
      65
      53
      71
      75
      73
      63
      70
      69
      62
      71
      85
      80
      88
      73
      86
      90
     102
      92
      81
      94
     110
     121
     129
     111
     140
     152
     181
     156
     169
     190
     211
     233
     241
     257
     275
     318
     317
     328
     385
     417
     461
     501
     529
     582
     671
     732
     854
    1004
    1113
    1327
    1608
    1744
    2044
    2440
    2681
    3154
    3492
    3957
    4354
    4428
    4806
    4910
    4902
    4947
    4990
    4559
    4230
    4014
    3599
    3322
    3050
    2584
    2245
    1970
    1759
    1571
    1422
    1215
    1027
     977
     901
     813
     780
     750
     653
     633
     601
     634
     571
     554
     544
     522
     481
     518
     533
     512
     510
     486
     520
     479
     503
     445
     446
     470
     492
     441
     430
     431
     431
     399
     416
     422
     414
     436
     410
     420
     433
     379
     376
     397
     360
     384
     369
     316
     357
     335
     280
     294
     326
     295
     270
     287
     282
     267
     222
     227
     236
     226
     218
     199
     187
     196
     182
     163
     185
     150
     165
     158
     148
     138
     141
     119
     114
     121
     101
     107
      93
      80
      75
      55
      58
      44
      43
      35
      41
      25
      30
      20
      14
      16
      14
      15
      12
      10
       9
      10
       7
       3
       6
       8
       7
       4
       4
       7
       2
       4
      10
       5
       5
       7
       4
       7
       2
       2
       2
       1
       2
       4
       3
       4
       5
       3
       3
       6
       4
       5
       3
       4
       5
       2
       5
       2
       3
       3
       3
       1
       2
       1
       2
       1
       1
       3
       0
       4
       1
       4
       4
       5
       3
       5
       1
       3
       2
       3
       5
       2
       4
       1
       6
       2
       1
       2
       0
       1
       4
       4
       1
       3
       3
       2
       3
       1
       3
       2
       1
       1
       2
       2
       3
       3
       1
       2
       3
       2
       2
       0
       0
       4
       2
       2
       0
       1
       4
       2
       3
       2
       5
       4
       9
       2
       6
       3
       3
       3
       5
       3
       5
       2
       6
       4
       2
       2
       5
       5
       3
       6
       5
       4
       4
       2
       1
       4
       4
       5
       6
       7
       3
       4
       6
       1
       4
       2
       4
       3
       2
       4
       3
       3
       2
       3
       1
       5
       4
       3
       1
       2
       1
       2
       5
       3
       4
       1
       1
       3
       5
       0
       2
       1
       2
       2
       1
       3
       4
       5
       6
       1
       3
       0
       6
       2
       2
       2
       0
       6
       3
       3
       6
       5
       5
       4
       2
       3
       3
       5
       5
       4
       2
       7
       7
       8
       3
       5
       6
       0
       3
       2
       3
       3
       4
       4
       8
       4
       3
       8
       1
       6
       2
       2
       4
       4
       6
       7
       4
       7
       6
       7
       5
       4
       6
       7
       5
       3
       0
       8
       6
      11
       4
       3
       6
       6
       4
       4
       1
       3
       0
       4
       0
       1
       0
       1
       1
       1
       0
       2
       2
       1
       0
       2
       2
       1
       1
       4
       1
       0
       1
       0
       1
       1
       0
       1
       1
       0
       2
       0
       2
       0
       1
       2
       1
       3
       3
       0
       4
       0
       1
       1
       2
       0
       0
       0
       1
       0
       0
       1
       0
       0
       0
       0
       0
       0
       1
       2
       0
       0
       0
       0
       1
       1
       0
       1
       1
       1
       1
       0
       1
       0
       2
       0
       0
       0
       0
       2
       0
       1
       1
       0
       0
       0
       2
       0
       0
       0
       1
       0
       0
       0
       0
       0
       0
       0
       2
       0
       0
       0
       0
       0
       0
       0
       0
       0
       0
       0
       0
       0
       0
       1
       0
       0
       0
       0
       0
       0
       0
       0
       0
       0
       0
       0
       0
       1
       0
       1
       1
       1
       0
       0
       0
       0
       0
       1
       0
       0
       0
       0
       1
       0
       0
       0
       0
       0
       0
       0
       0
       0
       0
       0
       0
       0
       0
       0
       0
       0
       0
       0
       0
       0
       0
       0
       0
       0
       0
       0
       0
       0
       0
       0
       0
       0
       0
       0
       0
       0
       0
       0
       0
       0
       0
       1
       0
       0
       0
       0
       0
       0
       1
       1
       0
       0
       0
       0
       1
       0
       0
       0
       0
       0
       0
       0
       0
       0
       0
       0
       0
       0
       0
       0
       0
       0
       0
       0
       0
       0
       1
       1
       0
       0
       1
       0
       0
       0
       0
       0
       0
       1
       0
       0
       0
       0
       0
       0
       0
       0
       0
       0
       0
       1
       0
       0
       0
       0
       1
       0
       0
       0
       1
       0
       0
       0
       1
       0
       0
       0
       0
       0
       0
       0
       0
       0
       0
       0
       0
       0
       0
       0
       0
       0
       0
       0
       0
       0
       0
       0
       0
       0
       0
       0
       0
       0
       0
       0
       1
       1
       0
       0
       0
       1
       0
       1
       0
       0
       0
       0
       0
       0
       0
       0
       0
       0
       0
       0
       0
       0
       0
       0
       0
       0
       0
       0
       0
       1
       0
       0
       0
       0
       0
       0
       0
       0
       0
       0
       0
       0
       0
       0
       0
       0
       0
       0
       1
       0
       0
       0
       0
       0
       0
       0
       0
       0
       0
       0
       0
       0
       0
       0
       0
       0
       0
       0
       0
       0
       0
       0
       0
       0
       0
       1
       0
       0
       0
       0
       0
       0
       0
       0
       0
       0
       0
       0
       0
       0
       1
       0
       0
       0
       0
       0
       0
       0
       1
       0
       0
       0
       0
       0
       0
       0
       0
       0
       0
       0
       0
       0
       0
       0
       0
       0
       1
       0
       0
       0
       0
       0
       0
       1
       0
       0
       0
       0
       0
       0
       0
       0
       0
       0
       0
       0
       1
       0
       0
       1
       0
       0
       0
       0
       0
       0
       0
       0
       0
       1
       1
       0
       0
       0
       1
       0
       0
       0
       0
       0
       0
       0
       0
       0
       0
       0
       0
       0
       0
       0
       0
       0
       0
       0
       0
       1
       0
       0
       0
       0
       0
       0
       0
       1
       0
       0
       0
       0
       0
       0
       0
       1
       0
       0
       0
       0
       0
       0
       0
       0
       0
       0
       0
       0
       0
       0
       0
       0
       1
       0
       0
       0
       0
       0
       0
       0
       0
       0
       0
       0
       0
       0
       0
       0
       0
       1
       0
       0
       0
       0
       0
       0
       0
       0
       0
       0
       0
       0
       0
       0
       0
       0
       0
       0
       0
       0
       0
       0
       0
       0
       0
       0
       0
       0
       0
       0
       1
       0
       0
       0
       0
       0
       0
       0
       0
       0
       0
       0
       0
       0
       0
       0
       0
       0
       1
       0
       0
       0
       0
       0
       0
       0
       0
       0
       0
       0
       0
       0
       1
       0
       0
       0
       0
       0
       0
       0
       0
       0
       0
       0
       0
       0
       0
       0
       0
       0
       0
       0
       0
       0
       1
       0
       0
       0
       0
       1
       0
       1
       0
       1
       0
       0
       0
       0
       0
       0
       0
       0
       0
       0
       0
       0
       0
       1
       0
       0
       0
       0
       0
       0
       0
       0
       0
       0
       0
       0
       0
       0
       0
       0
       0
       1
       0
       0
       0
       0
       0
       0
       0
       0
       0
       1
       0
       0
       0
       0
       0
       0
       0
       0
       0
       0
       0
       0
       0
       0
       0
       1
       0
       0
       0
       0
       0
       0
       0
       0
       0
       0
       0
       0
       0
       0
       0
       0
       1
       0
       0
       0
       0
       0
       0
       0
       0
       0
       0
       0
       0
       0
       0
       0
       0
       0
       0
       0
       0
       0
       0
       0
       0
       0
       0
       0
       0
       0
       0
       0
       0
       0
       0
       0
       0
       0
       0
       0
       0
       0
       0
       0
       0
       0
       0
       0
       0
       0
       0
       0
       0
       0
       0
       0
       0
       0
       0
       0
       0
       0
       0
       0
       0
       0
       0
       0
       0
       0
       0
       0
       0
       0
       0
       0
       0
       0
       0
       0
       0
       0
       0
       0
       0
       0
       0
       0
       0
       0
       0
       0
       0
       0
       0
       1
       0
       0
       0
       0
       0
       0
       0
       0
       1
       0
       1
       0
       0
       0
       0
       0
       0
       0
       0
       0
       0
       0
       0
       0
       0
       0
       0
       0
       0
       0
       0
       0
       0
       0
       0
       0
       0
       0
       0
       0
       0
       0
       0
       0
       0
       0
       0
       0
       0
       0
       0
       0
       0
       0
       0
       0
       0
       1
       0
       0
       0
       0
       0
       0
       0
       0
       0
       0
       0
       0
       0
       0
       0
       0
       0
       0
       0
       0
       1
       0
       0
       0
       0
       0
       0
       0
       0
       0
       0
       0
       0
       0
       0
       0
       0
       0
       0
       0
       0
       0
       0
       0
       0
       0
       0
       0
       0
       0
       0
       0
       0
       0
       0
       0
       0
       0
       0
       0
       0
       0
       0
       0
       0
       0
       0
       0
       0
       0
       0
       0
       0
       0
       1
       0
       0
       0
       0
       0
       0
       0
       0
       0
       0
       0
       0
       0
       0
       0
       0
       0
       0
       0
       0
       0
       0
       0
       0
       0
       0
       0
       0
       0
       0
       0
       0
       0
       0
       0
       0
       0
       0
       0
       0
       0
       0
       0
       0
       0
       0
       0
       0
       0
       0
       0
       0
       0
       0
       0
       0
       0
       0
       0
       0
       0
       0
       0
       0
       0
       0
       0
       0
       0
       0
       0
       0
       0
       0
       0
       0
       0
       0
       0
       0
       0
       0
       0
       0
       0
       1
       0
       0
       0
       0
       0
       0
       0
       0
       0
       0
       0
       0
       0
       0
       0
       0
       0
       0
       0
       0
       0
       0
       0
       0
       0
       0
       0
       0
       0
       0
       0
       0
       0
       0
       0
       0
       0
       0
       0
       0
       0
       0
       0
       0
       0
       0
       0
       0
       0
       0
       0
       0
       0
       0
       0
       0
       0
       0
       0
       0
       0
       0
       0
       0
       0
       0
       0
       0
       0
       0
       0
       0
       0
       0
       0
       0
       0
       0
       0
       0
       0
       0
       0
       0
       0
       0
       0
       0
       0
       0
       0
       0
       0
       0
       0
       0
       0
       0
       0
       0
       0
       0
       0
       0
       0
       0
       0
       0
       0
       0
       0
       0
       0
       0
       0
       0
       0
       0
       0
       0
       0
       0
       0
       0
       0
       0
       0
       0
       0
       0
       0
       0
       0
       0
       0
       1
       0
       0
       0
       0
       0
       0
       0
       0
       0
       0
       0
       0
       0
       0
       0
       0
       0
       0
       0
       0
       0
       0
       0
       0
       0
       0
       0
       0
       0
       0
       0
       0
       0
       1
       0
       0
       0
       0
       0
       0
       0
       0
       0
       0
       0
       0
       0
       0
       0
       0
       0
       0
       0
       0
       0
       0
       0
       0
       0
       0
       1
       0
       0
       0
       0
       0
       0
       0
       0
       0
       0
       0
       0
       0
       0
       0
       0
       0
       0
       0
       0
       0
       0
       0
       0
       0
       0
       0
       0
       0
       0
       0
       0
       0
       0
       0
       0
       0
       0
       0
       0
       0
       0
       0
       0
       0
       0
       0
       0
       0
       0
       0
       0
       0
       0
       0
       0
       0
       0
       0
       0
       0
       0
       0
       0
       0
       0
       0
       0
       0
       0
       0
       0
       0
       0
       0
       0
       0
       0
       0
       0
       0
       0
       0
       0
       0
       0
       0
       0
       0
       0
       0
       0
       0
       0
       0
       0
       0
       0
       0
       0
       0
       1
       0
       0
       0
       0
       0
       0
       0
       0
       0
       0
       0
       0
       0
       0
       0
       0
       0
       0
       0
       0
       0
       0
       0
       0
       0
       0
       0
       0
       0
       0
       0
       0
       0
       0
       0
       0
       0
       0
       0
       0
       0
       0
       0
       0
       0
       0
       0
       0
       0
       0
       0
       0
       0
       0
       0
       0
       0
       0
       0
       0
       0
       0
       0
#$ROI:
#3
#7 37
#229 258
#309 377
#$PRESETS:
#Real Time#
#180
#0
#$ENER_FIT:
#0.000000 0.000000
#$MCA_CAL:
#3
#0.000000E+000 0.000000E+000 0.000000E+000 
#$SHAPE_CAL:
#3
#0.000000E+000 0.000000E+000 0.000000E+000
