#$SPEC_ID:
#No sample description was entered.
#$SPEC_REM:
#DET# 1
#DETDESC# LAB4D1 Easy-MCA-2k SN 14311467
#AP# Maestro Version 7.01
#$DATE_MEA:
##11/29/2022 15:56:48
#$MEAS_TIM:
#1#62 180
#$DATA:
#0 2047
       0
       0
       0
       0
       0
       0
       0
       0
       0
       0
       0
       0
       0
       0
       0
       0
       0
       0
       0
       0
       0
      47
   79653
  119527
   98500
   84950
   72447
   61082
   49977
   40503
   32723
   25991
   21025
   16677
   13653
   11262
    9522
    8239
    7574
    6915
    6536
    6061
    5687
    5575
    5501
    5332
    5102
    4838
    4801
    4684
    4522
    4162
    4013
    3848
    3476
    3301
    3045
    2927
    2596
    2391
    2250
    1967
    1806
    1714
    1576
    1356
    1301
    1220
    1086
    1062
     899
     804
     815
     782
     650
     632
     611
     558
     557
     452
     498
     484
     448
     478
     459
     445
     451
     450
     450
     521
     558
     557
     563
     615
     580
     630
     653
     651
     628
     648
     718
     587
     574
     513
     508
     459
     442
     417
     354
     319
     321
     287
     291
     240
     262
     245
     192
     221
     177
     168
     130
     134
     130
     104
     106
      99
      90
      86
      97
      80
      66
      68
      64
      59
      63
      58
      64
      53
      48
      56
      53
      49
      65
      52
      44
      55
      47
      60
      41
      35
      40
      44
      41
      49
      39
      39
      46
      40
      43
      53
      41
      38
      37
      37
      31
      28
      36
      43
      36
      41
      39
      35
      26
      49
      60
      30
      49
      43
      32
      36
      37
      46
      33
      49
      39
      37
      39
      41
      41
      35
      48
      38
      30
      35
      34
      28
      40
      34
      39
      41
      39
      42
      34
      32
      23
      37
      49
      28
      38
      29
      35
      45
      32
      36
      40
      34
      39
      33
      35
      34
      34
      28
      28
      28
      41
      28
      32
      33
      26
      29
      24
      30
      33
      28
      27
      29
      37
      34
      25
      35
      34
      29
      46
      35
      28
      28
      35
      35
      28
      43
      16
      34
      30
      43
      34
      41
      35
      42
      34
      35
      34
      33
      40
      27
      39
      35
      51
      65
      36
      47
      40
      52
      46
      53
      44
      57
      71
      50
      52
      48
      63
      62
      71
      78
      76
      67
      55
      83
      80
      76
      82
      74
      81
      83
      62
      90
      94
      93
      79
      75
     104
      95
      91
     104
     121
     114
     135
     117
     154
     176
     158
     234
     250
     278
     329
     347
     436
     499
     552
     623
     639
     811
     968
    1051
    1197
    1349
    1521
    1822
    2079
    2404
    2793
    3176
    3529
    3928
    4373
    4854
    5192
    5367
    5686
    5665
    5705
    5502
    5211
    4753
    4517
    4147
    3633
    3272
    2800
    2510
    2085
    1830
    1525
    1401
    1222
    1080
     955
     856
     696
     694
     572
     533
     468
     432
     379
     329
     251
     226
     195
     159
     109
     109
      87
      63
      60
      47
      53
      49
      33
      28
      40
      35
      25
      22
      25
      15
      18
      20
      24
      17
      14
      18
       9
      11
       8
      13
      10
       8
      13
      11
      11
       8
       6
       5
      10
      10
       4
       8
       9
       5
       7
       3
       3
       3
       3
       4
       6
       2
       5
       6
       1
       3
       7
       6
       7
       5
       2
       3
       4
       1
       9
       7
       5
       6
       3
       5
       7
       9
       3
       4
       4
       7
       8
       4
       4
       6
       1
       5
       2
       2
       1
       2
       1
       7
       6
       2
       2
       3
       7
       5
       4
       2
       4
       4
       4
       2
       2
       5
       4
       2
       3
       1
       1
       1
       2
       4
       3
       2
       4
       1
       1
       1
       1
       3
       1
       4
       1
       1
       4
       2
       5
       3
       1
       5
       4
       4
       2
       4
       3
       4
       3
       1
       5
       2
       3
       2
       3
       1
       1
       4
       3
       0
       1
       3
       5
       2
       2
       2
       1
       2
       4
       5
       0
       2
       1
       3
       5
       2
       3
       2
       2
       3
       4
       2
       4
       2
       0
       0
       2
       1
       1
       4
       0
       0
       3
       1
       5
       5
       1
       4
       4
       1
       5
       4
       1
       8
       6
       1
       6
       3
       2
       9
       3
       8
       2
       3
       6
       3
       4
       7
       2
       4
       8
       3
       3
       2
       0
       7
       1
       3
       2
       5
       3
       3
       2
       4
       2
      10
       4
       4
       5
       5
       3
       5
       6
       4
       3
       3
       4
       0
       1
       4
       5
       1
       4
       4
       3
       1
       1
       2
       2
       0
       3
       3
       0
       3
       2
       2
       3
       4
       3
       0
       0
       3
       4
       3
       2
       2
       2
       2
       6
       1
       3
       5
       1
       1
       2
       2
       0
       1
       3
       1
       1
       2
       3
       6
       8
       3
       1
       4
       1
       1
       1
       2
       3
       5
       5
       7
       1
       4
       3
       1
       3
       4
       4
       0
       1
       3
       4
       4
       3
       3
       6
       8
       3
       4
       3
       7
      13
       4
       3
       3
       3
       4
       7
       2
       3
       4
       1
       2
       1
       1
       4
       3
       1
       1
       0
       0
       2
       0
       0
       1
       0
       0
       0
       1
       0
       0
       0
       0
       0
       0
       0
       0
       0
       2
       0
       1
       0
       0
       0
       0
       1
       1
       1
       0
       0
       1
       0
       0
       0
       0
       0
       0
       0
       0
       0
       0
       0
       0
       0
       0
       0
       0
       0
       1
       0
       0
       0
       0
       0
       1
       0
       0
       0
       0
       0
       0
       1
       0
       0
       0
       0
       0
       1
       0
       0
       0
       0
       0
       0
       0
       0
       0
       0
       0
       1
       0
       1
       0
       1
       0
       0
       0
       0
       0
       0
       0
       0
       0
       0
       0
       1
       0
       0
       0
       0
       0
       0
       0
       0
       0
       0
       0
       0
       2
       0
       0
       0
       0
       0
       0
       0
       1
       0
       0
       0
       0
       0
       1
       0
       0
       0
       0
       0
       0
       0
       0
       1
       0
       0
       0
       0
       0
       0
       0
       0
       0
       1
       1
       0
       0
       0
       1
       0
       0
       0
       0
       0
       0
       0
       0
       0
       0
       0
       0
       0
       0
       0
       0
       0
       0
       0
       0
       0
       0
       0
       0
       0
       0
       0
       0
       0
       1
       0
       0
       0
       0
       0
       1
       0
       0
       1
       0
       0
       0
       0
       0
       0
       0
       0
       0
       0
       0
       1
       0
       0
       0
       0
       0
       0
       0
       1
       0
       0
       0
       0
       0
       0
       0
       0
       0
       0
       0
       0
       0
       0
       0
       0
       0
       0
       0
       0
       0
       0
       0
       1
       0
       0
       0
       0
       0
       0
       0
       0
       1
       0
       0
       0
       0
       0
       0
       0
       0
       0
       0
       1
       1
       0
       0
       0
       0
       0
       0
       0
       0
       1
       0
       0
       0
       0
       0
       0
       0
       0
       0
       0
       0
       0
       0
       0
       0
       0
       0
       0
       0
       0
       0
       0
       0
       0
       0
       0
       0
       0
       2
       0
       0
       0
       0
       0
       0
       0
       0
       1
       0
       0
       0
       0
       0
       0
       0
       0
       0
       0
       0
       0
       0
       0
       0
       0
       0
       1
       0
       0
       0
       0
       0
       0
       0
       0
       0
       0
       0
       1
       0
       0
       0
       1
       0
       0
       0
       0
       0
       0
       0
       0
       0
       0
       0
       0
       0
       0
       0
       0
       0
       1
       0
       0
       0
       0
       1
       0
       0
       0
       0
       0
       0
       1
       0
       0
       0
       0
       0
       0
       0
       0
       0
       1
       0
       0
       0
       0
       0
       0
       0
       0
       0
       0
       0
       0
       0
       0
       0
       0
       0
       0
       0
       0
       0
       0
       0
       0
       0
       0
       0
       0
       0
       1
       1
       0
       0
       0
       0
       0
       0
       0
       0
       0
       0
       0
       0
       0
       0
       0
       0
       0
       0
       1
       0
       0
       0
       0
       0
       0
       0
       1
       0
       0
       0
       0
       0
       0
       0
       0
       1
       0
       0
       0
       0
       1
       0
       0
       0
       0
       0
       0
       0
       0
       0
       0
       0
       0
       0
       0
       0
       0
       0
       0
       0
       0
       0
       0
       0
       0
       0
       0
       0
       0
       0
       0
       0
       0
       0
       0
       0
       0
       0
       0
       0
       0
       0
       0
       0
       0
       0
       0
       0
       0
       0
       0
       0
       0
       0
       0
       0
       0
       0
       0
       1
       0
       0
       0
       1
       0
       0
       0
       0
       1
       0
       0
       0
       0
       0
       0
       1
       0
       0
       1
       0
       0
       0
       0
       0
       0
       0
       0
       0
       0
       1
       0
       0
       0
       0
       0
       0
       0
       0
       0
       0
       0
       0
       1
       0
       0
       0
       0
       0
       0
       0
       1
       0
       0
       0
       0
       0
       0
       0
       0
       0
       0
       0
       0
       0
       0
       0
       0
       0
       0
       0
       0
       0
       1
       0
       0
       0
       0
       0
       0
       0
       0
       0
       0
       0
       0
       0
       0
       0
       0
       0
       0
       0
       0
       0
       0
       0
       0
       0
       0
       0
       0
       0
       0
       0
       0
       0
       0
       0
       1
       0
       0
       0
       0
       0
       0
       0
       0
       0
       0
       0
       0
       0
       0
       0
       0
       0
       0
       0
       1
       0
       0
       0
       0
       0
       0
       0
       0
       0
       0
       0
       0
       0
       0
       0
       0
       1
       0
       0
       0
       0
       0
       0
       0
       0
       0
       0
       0
       0
       0
       0
       1
       0
       0
       0
       0
       0
       0
       0
       0
       0
       0
       0
       0
       0
       0
       0
       0
       0
       0
       0
       0
       0
       0
       0
       0
       0
       0
       0
       0
       0
       0
       0
       0
       0
       1
       0
       0
       0
       0
       0
       0
       0
       0
       0
       0
       0
       0
       0
       0
       0
       0
       0
       0
       0
       0
       0
       0
       0
       0
       0
       0
       0
       0
       0
       0
       0
       0
       0
       0
       0
       0
       0
       0
       0
       0
       0
       0
       0
       0
       0
       0
       0
       0
       0
       0
       0
       0
       0
       0
       0
       0
       0
       0
       0
       0
       0
       0
       0
       0
       0
       0
       0
       0
       0
       0
       0
       0
       1
       0
       0
       0
       0
       0
       0
       0
       0
       0
       0
       0
       0
       0
       0
       0
       0
       0
       0
       0
       0
       0
       0
       0
       0
       1
       0
       0
       0
       0
       0
       0
       0
       0
       0
       0
       0
       0
       0
       0
       0
       0
       1
       0
       0
       0
       0
       0
       0
       0
       0
       0
       0
       0
       0
       0
       0
       0
       0
       0
       0
       0
       0
       0
       0
       0
       0
       0
       0
       0
       0
       0
       0
       0
       0
       0
       0
       0
       0
       0
       0
       0
       0
       0
       0
       0
       0
       0
       0
       0
       0
       0
       0
       0
       0
       0
       0
       0
       0
       0
       0
       0
       0
       0
       0
       0
       0
       0
       0
       0
       0
       0
       0
       0
       0
       0
       0
       0
       0
       0
       0
       0
       0
       0
       0
       0
       0
       0
       0
       0
       1
       0
       0
       0
       0
       0
       0
       0
       1
       0
       0
       0
       0
       0
       0
       0
       0
       0
       0
       0
       0
       0
       0
       0
       0
       0
       0
       0
       0
       0
       0
       0
       0
       0
       0
       1
       0
       0
       0
       0
       0
       0
       0
       0
       0
       0
       0
       0
       0
       0
       0
       0
       0
       0
       0
       0
       0
       0
       0
       0
       0
       0
       0
       0
       0
       0
       0
       0
       0
       0
       0
       0
       0
       0
       0
       0
       0
       0
       0
       0
       0
       0
       0
       0
       0
       0
       0
       0
       0
       0
       0
       0
       0
       0
       0
       0
       0
       0
       0
       0
       0
       0
       0
       0
       0
       0
       0
       0
       0
       0
       0
       0
       0
       0
       0
       0
       0
       0
       0
       0
       0
       0
       0
       0
       0
       0
       0
       0
       0
       0
       0
       0
       0
       0
       0
       0
       0
       0
       0
       0
       0
       0
       0
       0
       0
       0
       0
       0
       0
       0
       0
       0
       0
       0
       0
       0
       0
       0
       0
       0
       0
       0
       0
       0
       0
       0
       0
       0
       0
       0
       0
       0
       0
       0
       0
       0
       0
       0
       0
       0
       0
       0
       0
       0
       0
       0
       0
       0
       0
       0
       0
       0
       0
       1
       0
       0
       0
       0
       0
       0
       0
       0
       0
       0
       0
       0
       0
       0
       0
       0
       0
       0
       0
       0
       0
       0
       0
       0
       0
       0
       0
       0
       0
       0
       0
       0
       0
       0
       0
       0
       0
       0
       0
       0
       0
       0
       0
       0
       0
       0
       0
       0
       0
       0
       0
       0
       0
       1
       0
       0
       0
       0
       0
       0
       0
       0
       0
       0
       0
       0
       0
       0
       0
       0
       0
       0
       0
       0
       0
       0
       0
       0
       0
       0
       0
       0
       0
       0
       0
       0
       0
       0
       0
       0
       0
       0
       0
       0
       0
       0
       0
       0
       0
       0
       0
       0
       0
       0
       0
       0
       0
       0
       0
       0
       0
       0
       0
       0
       0
       0
       0
       0
       0
       0
       0
       0
       0
       0
       0
       0
       0
       0
       0
       0
       0
       0
       0
       0
       0
       0
       1
       0
       0
       0
       0
       0
       0
       0
       0
       0
       0
       0
       0
       0
       0
       0
       0
       0
       0
       0
       0
       0
       0
       0
       0
       0
       0
       0
       0
       0
       0
       0
       0
       0
       0
       0
       0
       0
       0
       0
       0
       0
       0
       0
       0
       0
       0
       0
       0
       0
       0
       0
       0
       0
       0
       0
       0
       0
       0
       0
       0
       0
       0
       0
       0
       0
       0
       0
       0
       0
       0
       0
       0
       0
       0
       0
       0
       0
       0
       0
       0
       0
       0
       0
       0
       0
       0
       0
       0
       0
       0
       0
       0
       0
       0
       0
       0
       0
       0
       0
       0
       0
       0
       0
       0
       0
       0
       0
       0
       0
       0
       0
       0
       0
       0
       0
       0
       0
       0
       0
       0
#$ROI:
#3
#7 37
#229 258
#309 377
#$PRESETS:
##Real Time
#180
#0
#$ENER_FIT:
#0.000000 0.000000
#$MCA_CAL:
#3
#0.000000E+000 0.000000E+000 0.000000E+000 
#$SHAPE_CAL:
#3
#0.000000E+000 0.000000E+000 0.000000E+000
