##$SPEC_ID:
#No sample description was entered.
#$SPEC_REM:
#DET# 1
#DETDESC# LAB4D1 Easy-MCA-2k SN 14311467
#AP# Maestro Version 7.01
#$DATE_MEA:
#11/29/2022 15:05:06
#$MEAS_TIM:
#160 180
#$DATA:
#0 2047
       0
       0
       0
       0
       0
       0
       0
       0
       0
       0
       0
       0
       0
       0
       0
       0
       0
       0
       0
       0
       0
       9
   98470
  156813
  144459
  125770
  114871
  102800
   90749
   77385
   65635
   54643
   43980
   35540
   27810
   21989
   16992
   12678
    9884
    7417
    5901
    4521
    3697
    3056
    2746
    2399
    2184
    2087
    2087
    1934
    1875
    1838
    1786
    1820
    1706
    1668
    1584
    1504
    1491
    1409
    1359
    1258
    1179
    1093
    1040
     948
     929
     794
     747
     678
     614
     587
     525
     468
     424
     419
     365
     341
     325
     339
     272
     263
     263
     225
     203
     187
     145
     186
     138
     121
     114
     122
     111
     111
     111
      73
      77
      66
      92
      74
      69
      58
      74
      57
      63
      50
      43
      55
      61
      49
      41
      51
      40
      49
      54
      37
      37
      39
      36
      44
      39
      36
      45
      41
      41
      39
      49
      39
      32
      33
      31
      36
      36
      33
      33
      41
      40
      34
      47
      40
      37
      45
      31
      55
      37
      46
      35
      46
      58
      55
      43
      55
      41
      38
      27
      29
      41
      24
      35
      24
      32
      29
      28
      27
      28
      33
      24
      30
      23
      28
      32
      28
      17
      23
      31
      17
      28
      26
      29
      26
      26
      23
      28
      30
      26
      27
      27
      31
      27
      33
      25
      39
      31
      21
      29
      27
      27
      18
      18
      22
      26
      33
      32
      30
      19
      28
      21
      24
      27
      23
      34
      30
      34
      27
      30
      26
      39
      25
      33
      37
      24
      39
      40
      39
      44
      44
      56
      52
      39
      51
      65
      65
      83
      83
     102
     102
     108
      97
     128
     125
     135
     151
     152
     150
     134
     152
     140
     147
     135
     105
      93
      93
      94
      94
      71
      71
      68
      63
      61
      53
      55
      52
      58
      56
      75
      59
      50
      62
      66
      50
      74
      75
      66
      77
      71
      71
      72
      81
      79
      74
      61
      55
      50
      60
      79
      66
      80
      62
      58
      64
      35
      61
      37
      45
      62
      53
      46
      60
      50
      51
      50
      58
      54
      61
      60
      66
      66
      72
      86
      98
     131
     105
     138
     165
     188
     201
     238
     260
     316
     325
     374
     452
     482
     544
     637
     732
     799
     879
    1061
    1279
    1475
    1712
    1813
    2133
    2359
    2523
    2591
    2749
    2840
    2894
    2946
    2809
    2662
    2522
    2306
    2199
    1937
    1577
    1487
    1305
    1082
    1000
     793
     709
     666
     567
     538
     468
     387
     397
     377
     319
     300
     282
     223
     231
     213
     189
     144
     127
     121
      97
      79
      73
      50
      41
      32
      26
      17
      24
       9
      10
       8
       5
       8
       8
       5
       1
       5
       6
       3
       9
       2
       0
       4
       4
       4
       2
       4
       2
       3
       3
       7
       3
       5
       2
       0
       1
       3
       3
       3
       2
       0
       1
       1
       2
       2
       1
       0
       0
       0
       1
       2
       2
       2
       0
       1
       1
       0
       1
       0
       5
       2
       0
       0
       0
       1
       0
       1
       4
       0
       1
       0
       0
       5
       2
       1
       2
       4
       2
       0
       2
       1
       0
       3
       4
       1
       2
       1
       0
       2
       0
       0
       1
       0
       1
       0
       1
       2
       1
       0
       2
       2
       0
       1
       0
       4
       2
       0
       1
       1
       2
       0
       1
       3
       0
       1
       1
       0
       3
       1
       0
       1
       3
       1
       1
       0
       0
       2
       2
       0
       2
       3
       0
       0
       1
       0
       0
       0
       0
       0
       1
       1
       1
       0
       1
       1
       2
       1
       2
       2
       1
       0
       0
       0
       2
       1
       0
       0
       2
       1
       0
       1
       1
       0
       0
       0
       1
       2
       1
       0
       2
       1
       1
       2
       2
       0
       0
       0
       2
       3
       1
       3
       3
       0
       2
       4
       1
       2
       1
       3
       3
       5
       6
       0
       5
       5
       3
       3
       2
       0
       3
       3
       2
       2
       1
       2
       1
       5
       2
       1
       1
       4
       3
       7
       3
       2
       2
       4
       5
       2
       2
       2
       2
       3
       4
       0
       2
       2
       1
       2
       1
       3
       1
       3
       2
       2
       4
       0
       3
       1
       1
       0
       0
       0
       2
       0
       0
       1
       1
       0
       0
       1
       0
       0
       0
       0
       0
       0
       0
       0
       0
       0
       0
       0
       0
       1
       0
       0
       1
       1
       1
       0
       1
       2
       0
       2
       1
       2
       1
       0
       0
       1
       0
       3
       0
       0
       3
       0
       1
       1
       1
       1
       2
       3
       0
       1
       0
       1
       1
       1
       1
       2
       2
       1
       0
       0
       1
       1
       1
       1
       0
       1
       1
       4
       1
       0
       1
       1
       0
       0
       1
       1
       0
       0
       0
       0
       0
       0
       0
       0
       0
       0
       0
       0
       0
       0
       0
       0
       0
       1
       0
       0
       0
       0
       0
       0
       1
       0
       1
       0
       0
       0
       0
       0
       0
       0
       1
       0
       0
       0
       0
       0
       0
       0
       0
       0
       0
       0
       0
       0
       0
       1
       0
       0
       1
       0
       0
       0
       0
       0
       0
       0
       0
       0
       0
       0
       0
       0
       0
       0
       0
       0
       0
       1
       0
       0
       0
       0
       0
       0
       0
       0
       0
       0
       0
       0
       1
       0
       0
       0
       0
       0
       0
       0
       0
       0
       0
       0
       1
       0
       0
       0
       0
       0
       0
       0
       0
       0
       0
       0
       0
       0
       0
       0
       0
       0
       0
       0
       0
       0
       0
       0
       0
       0
       0
       0
       0
       0
       0
       0
       0
       0
       0
       0
       0
       0
       0
       0
       0
       0
       0
       0
       0
       0
       0
       0
       0
       0
       0
       0
       0
       0
       0
       0
       0
       0
       0
       0
       0
       0
       0
       2
       0
       0
       0
       0
       0
       0
       0
       0
       0
       0
       0
       0
       0
       0
       0
       0
       0
       0
       0
       0
       0
       0
       0
       0
       0
       0
       0
       0
       0
       0
       0
       0
       0
       0
       0
       0
       0
       0
       0
       0
       0
       0
       0
       0
       0
       1
       0
       0
       0
       0
       0
       0
       0
       0
       0
       0
       0
       0
       0
       0
       0
       0
       0
       0
       0
       0
       0
       0
       0
       0
       1
       0
       1
       0
       0
       0
       0
       0
       0
       0
       0
       0
       0
       0
       0
       1
       0
       0
       0
       0
       0
       0
       0
       0
       0
       0
       0
       0
       0
       0
       0
       0
       0
       0
       0
       0
       0
       0
       0
       0
       0
       0
       0
       0
       0
       0
       0
       0
       0
       1
       0
       0
       0
       0
       0
       0
       0
       0
       0
       0
       0
       0
       0
       0
       0
       0
       0
       0
       0
       0
       0
       0
       0
       0
       1
       0
       1
       0
       0
       0
       0
       1
       0
       0
       0
       0
       0
       0
       0
       0
       0
       0
       0
       0
       0
       0
       1
       0
       0
       0
       0
       0
       1
       0
       0
       0
       0
       0
       0
       0
       0
       0
       0
       0
       0
       1
       0
       0
       0
       0
       0
       0
       0
       0
       0
       0
       0
       0
       0
       0
       0
       0
       0
       0
       0
       0
       0
       0
       0
       0
       0
       0
       0
       0
       0
       0
       0
       0
       0
       0
       0
       0
       0
       0
       0
       0
       0
       0
       0
       1
       0
       0
       0
       0
       0
       0
       0
       0
       0
       0
       0
       0
       0
       0
       0
       0
       0
       0
       0
       0
       0
       0
       0
       0
       0
       0
       0
       0
       0
       0
       0
       0
       0
       0
       0
       0
       0
       1
       0
       0
       0
       0
       0
       0
       0
       0
       0
       0
       0
       0
       0
       0
       0
       0
       0
       0
       0
       0
       0
       0
       0
       0
       0
       1
       0
       0
       0
       0
       0
       0
       0
       0
       0
       0
       0
       0
       0
       1
       0
       0
       0
       0
       0
       0
       0
       0
       0
       0
       0
       0
       0
       0
       0
       0
       0
       0
       0
       0
       0
       0
       0
       0
       0
       0
       0
       0
       0
       0
       0
       0
       0
       0
       0
       0
       1
       0
       0
       0
       0
       0
       0
       0
       0
       0
       1
       0
       0
       0
       0
       0
       0
       0
       0
       0
       0
       0
       0
       0
       0
       0
       0
       0
       0
       0
       0
       0
       0
       0
       0
       0
       0
       0
       0
       0
       0
       0
       0
       0
       0
       0
       0
       0
       0
       0
       0
       0
       0
       0
       0
       0
       0
       0
       1
       0
       0
       0
       0
       0
       0
       0
       0
       0
       0
       0
       0
       0
       0
       0
       0
       0
       0
       0
       0
       0
       0
       0
       0
       0
       0
       0
       0
       0
       0
       0
       0
       0
       0
       0
       0
       0
       0
       0
       0
       0
       0
       0
       0
       0
       0
       0
       0
       1
       0
       0
       0
       0
       0
       0
       0
       0
       0
       0
       0
       0
       0
       0
       0
       0
       0
       0
       0
       0
       0
       0
       0
       0
       0
       0
       0
       0
       0
       0
       0
       0
       0
       0
       0
       0
       0
       0
       0
       0
       0
       0
       0
       0
       0
       0
       0
       0
       0
       0
       0
       0
       0
       0
       0
       0
       0
       0
       0
       0
       0
       0
       0
       0
       0
       0
       0
       0
       0
       0
       0
       0
       0
       0
       0
       0
       0
       0
       0
       0
       0
       0
       0
       0
       0
       0
       0
       0
       0
       0
       0
       0
       0
       0
       0
       0
       0
       0
       0
       0
       0
       0
       0
       0
       0
       0
       0
       0
       0
       0
       0
       0
       0
       0
       0
       0
       0
       0
       0
       0
       0
       0
       0
       0
       0
       0
       0
       0
       0
       0
       0
       0
       0
       0
       0
       0
       0
       0
       0
       0
       0
       0
       0
       0
       0
       0
       0
       0
       0
       0
       0
       0
       0
       0
       0
       0
       1
       0
       0
       0
       0
       0
       0
       1
       0
       0
       0
       0
       0
       0
       0
       0
       0
       0
       0
       0
       0
       0
       0
       0
       0
       0
       0
       0
       0
       0
       0
       0
       0
       0
       0
       0
       0
       0
       0
       0
       0
       0
       0
       0
       0
       0
       0
       0
       0
       0
       0
       0
       0
       0
       0
       0
       0
       0
       0
       0
       0
       0
       0
       0
       0
       0
       0
       0
       0
       0
       0
       0
       0
       0
       0
       0
       0
       0
       0
       0
       0
       0
       0
       0
       0
       0
       0
       0
       0
       0
       0
       0
       0
       0
       0
       0
       0
       0
       0
       0
       0
       0
       0
       0
       0
       0
       0
       0
       0
       0
       0
       0
       0
       0
       0
       0
       0
       0
       0
       0
       0
       0
       0
       0
       0
       0
       0
       0
       0
       0
       0
       0
       0
       0
       0
       0
       0
       0
       0
       0
       0
       0
       0
       0
       0
       0
       0
       0
       0
       0
       0
       0
       0
       0
       0
       0
       0
       0
       0
       0
       0
       0
       0
       0
       0
       0
       0
       0
       0
       0
       0
       0
       0
       0
       0
       0
       0
       0
       0
       0
       0
       0
       0
       0
       0
       0
       0
       0
       0
       0
       0
       0
       0
       0
       0
       0
       0
       0
       0
       0
       0
       0
       0
       0
       0
       0
       0
       0
       0
       0
       0
       0
       0
       0
       0
       0
       0
       0
       0
       0
       0
       0
       0
       0
       0
       0
       0
       0
       0
       0
       0
       0
       0
       0
       0
       0
       0
       0
       0
       0
       0
       0
       0
       0
       0
       0
       0
       0
       0
       0
       0
       0
       0
       0
       0
       0
       0
       0
       0
       0
       0
       0
       0
       0
       0
       0
       0
       0
       0
       0
       0
       0
       0
       0
       0
       0
       0
       0
       0
       0
       0
       0
       0
       0
       0
       0
       0
       0
       0
       0
       0
       0
       0
       0
       0
       0
       0
       0
       0
       0
       0
       0
       0
       0
       0
       0
       0
       0
       0
       0
       0
       0
       0
       0
       0
       0
       0
       0
       0
       0
       0
       0
       0
       0
       0
       0
       0
       0
       0
       0
       0
       0
       0
       0
       0
       0
       0
       0
       0
       0
       0
       0
       0
       0
       0
       0
       0
       0
       0
       0
       0
       0
       0
       0
       0
       0
       0
       0
       0
       0
       0
       0
       0
       0
       0
       0
       0
       0
       0
       0
       0
       0
       0
       0
       0
       0
       0
       0
       0
       0
       0
       0
       0
       0
       0
       0
       0
       0
       0
       1
       0
       0
       0
       0
       0
       0
       0
       0
       0
       0
       0
       0
       0
       0
       0
       0
       0
       0
       0
       0
       0
       0
       0
       0
       0
       0
       0
       0
       0
       0
       0
       0
       0
       0
       0
       0
       0
       0
       0
       0
       0
       0
       0
       0
       0
       0
       0
       0
       0
       0
       0
       0
       0
       0
       0
       0
       0
       0
       0
       0
       0
       0
       0
       0
       0
       0
       0
       0
       0
       0
       0
       0
       0
       0
       0
       0
       0
       0
       0
       0
       0
       0
       0
       0
       0
       0
       0
       0
       0
       0
       0
       0
       0
       0
       0
       0
       0
       0
       0
       0
       0
       0
       0
       0
       0
       0
       0
       0
       0
       0
       0
       0
       0
       0
       0
       0
       0
       0
       0
       0
       0
       0
       0
       0
       0
       0
       0
       0
       0
       0
       0
       0
       1
       0
       0
       0
       0
       0
       0
       0
       0
       0
       0
       0
       0
       0
       0
       0
       0
       0
       0
       0
       0
       0
       0
       0
       0
       0
       0
       0
       0
       0
       0
       0
       0
       0
       0
       0
       0
       0
       0
       0
       0
       0
       0
       0
       0
       0
       0
       0
       0
       0
       0
       0
       0
       0
       0
       0
       0
       0
       0
       0
       0
       0
       0
       0
       0
# #$ROI:
#2
#7 37
#309 377
#$PRESETS:
#Real Time
#180
#0
#$ENER_FIT:
#0.000000 0.000000
#$MCA_CAL:
#3
#0.000000E+000 0.000000E+000 0.000000E+000 
#$SHAPE_CAL:
#3
#0.000000E+000 0.000000E+000 0.000000E+000
