#$SPEC_ID:
#No sample description was entered.
#$SPEC_REM:
#DET# 1
#DETDESC# LAB4D1 Easy-MCA-2k SN 14311467
#AP# Maestro Version 7.01
#$DATE_MEA:
#11/29/2022 15:52:57
#$MEAS_TIM:
#161 180
#$DATA:
#0 2047
       0
       0
       0
       0
       0
       0
       0
       0
       0
       0
       0
       0
       0
       0
       0
       0
       0
       0
       0
       0
       0
      35
   76915
  115191
   94290
   79416
   66468
   54739
   43807
   34517
   27335
   21016
   16145
   12359
   10064
    7973
    6661
    5661
    5147
    4561
    4335
    4456
    4268
    4203
    4169
    4065
    4088
    4099
    3966
    3884
    3827
    3771
    3798
    3408
    3385
    3298
    3259
    3057
    2945
    2753
    2619
    2446
    2412
    2149
    2060
    1839
    1788
    1684
    1538
    1425
    1301
    1215
    1101
    1113
     959
     829
     823
     763
     672
     679
     582
     524
     544
     539
     472
     448
     441
     420
     450
     425
     411
     393
     450
     412
     431
     450
     430
     410
     429
     417
     445
     394
     393
     362
     362
     316
     335
     319
     315
     271
     279
     257
     239
     264
     247
     242
     217
     235
     229
     209
     217
     203
     221
     197
     163
     170
     156
     127
     134
     148
     140
     145
     155
     124
     136
     135
     131
     143
     153
     159
     140
     171
     185
     205
     206
     191
     200
     190
     186
     197
     199
     170
     183
     172
     152
     141
     148
     153
     131
     114
     112
     101
      91
      97
      73
      77
      73
      89
      72
      87
      76
      69
      68
      69
      66
      78
      76
      76
      75
      62
      75
      74
      63
      71
      63
      74
      75
      76
      70
      76
      62
      77
      68
      80
      69
      53
      59
      76
      59
      80
      64
      59
      67
      54
      66
      40
      54
      48
      48
      55
      57
      55
      60
      42
      63
      54
      48
      63
      58
      50
      53
      43
      54
      50
      57
      55
      51
      44
      44
      39
      43
      41
      54
      50
      59
      55
      36
      43
      45
      51
      55
      48
      52
      71
      65
      63
      47
      68
      62
      65
      59
      47
      72
      66
      66
      69
      61
      54
      53
      54
      47
      74
      58
      69
      80
      61
      77
      47
      74
      59
      97
      92
      66
      85
      71
     106
      90
     111
      93
      99
      96
     107
     114
     112
      97
     109
     142
     135
     129
     118
     117
     123
     138
     119
     127
     139
     146
     146
     151
     159
     159
     164
     172
     175
     171
     183
     195
     219
     250
     264
     308
     319
     384
     431
     506
     579
     653
     681
     806
     944
    1039
    1175
    1384
    1522
    1813
    2057
    2387
    2766
    3121
    3725
    4296
    4791
    5486
    6148
    6917
    7431
    7806
    8135
    8545
    8598
    8623
    8165
    7858
    7427
    6728
    5974
    5462
    4841
    4254
    3694
    3079
    2681
    2413
    2054
    1846
    1600
    1408
    1216
    1159
    1024
     954
     774
     701
     663
     495
     407
     381
     272
     252
     231
     175
     127
     109
      94
      83
      62
      68
      56
      55
      34
      37
      46
      35
      38
      34
      38
      27
      44
      26
      23
      24
      23
      23
      12
      14
      20
      29
      21
      16
      20
      20
      12
      18
      16
       8
       7
       8
      13
      17
      11
       6
       7
       5
       9
      14
       6
       2
       6
       5
       5
       8
       5
      10
       5
       7
      11
       7
       4
       5
       8
       7
       6
       3
      11
       8
       5
       8
       5
       7
       9
      11
       7
       6
       7
       4
       9
       7
       7
      10
       6
       9
       7
       2
       7
       6
       8
       7
       4
       7
       7
       6
       3
       5
       2
       9
       9
       9
       7
       6
       5
       6
       5
       6
       9
       3
       6
       6
       2
       2
       8
       5
       7
       5
       5
       5
       6
       5
       7
       8
       4
       3
       4
       2
       4
       6
       6
       3
       2
       6
       3
       3
       6
       2
       2
       4
       6
       2
       2
       4
      11
       7
       4
       3
       0
       8
       2
       5
       2
       4
       2
       6
       3
       4
       7
       8
       4
       8
       1
       3
       6
       5
       4
       4
       2
       3
       3
       4
       4
       5
       6
       6
       5
       4
       4
       5
       5
       6
       7
       1
       3
       8
       4
       4
       4
       9
       4
       3
       2
       7
      11
       5
       5
       8
       9
       7
       7
       9
      11
      13
       6
       6
       3
       7
       8
       9
       7
       9
       4
       6
       2
       9
       2
       6
       8
       2
       6
       6
       5
       6
       2
       8
       7
       9
       7
       6
       9
       9
       4
       6
      10
       7
       7
       4
       6
       5
       6
       4
       8
       2
       7
       7
       5
       4
       4
       3
       6
       6
       6
       5
       4
      11
       7
       8
       5
       6
       5
       7
       5
       8
       3
       7
       6
       9
       6
       1
       6
       6
       6
       8
       4
       2
       8
       5
      10
       9
       4
       5
       7
      10
       5
       7
       8
       9
       9
       3
       5
       8
      10
       7
       5
       8
       4
       6
      11
       9
      14
      10
       9
      11
       7
      12
      11
      12
       6
      12
      10
      10
      13
       8
      12
      13
      16
      11
       7
       5
       7
      10
       8
       9
       3
       2
       1
       3
       2
       2
       1
       0
       3
       2
       1
       1
       3
       1
       0
       0
       0
       2
       0
       1
       1
       1
       1
       0
       0
       1
       2
       1
       0
       0
       2
       1
       0
       0
       1
       0
       0
       0
       0
       0
       0
       0
       2
       1
       0
       0
       0
       0
       0
       0
       0
       0
       0
       0
       0
       0
       0
       0
       1
       0
       0
       0
       0
       0
       0
       0
       0
       0
       0
       0
       0
       0
       0
       0
       0
       0
       0
       0
       0
       0
       1
       0
       0
       0
       0
       0
       0
       0
       0
       0
       0
       0
       0
       0
       0
       0
       1
       0
       0
       0
       1
       1
       0
       0
       2
       0
       0
       0
       1
       0
       0
       0
       0
       0
       2
       1
       0
       0
       0
       0
       0
       0
       0
       0
       0
       2
       0
       0
       0
       0
       0
       0
       0
       0
       0
       0
       0
       0
       0
       1
       0
       0
       0
       1
       0
       0
       0
       0
       2
       0
       1
       0
       0
       0
       0
       1
       0
       0
       0
       0
       0
       0
       0
       0
       0
       1
       0
       0
       0
       0
       1
       1
       0
       0
       1
       0
       0
       0
       0
       0
       0
       0
       0
       0
       0
       0
       0
       1
       0
       0
       0
       0
       0
       0
       0
       0
       0
       0
       0
       0
       0
       0
       0
       1
       1
       0
       0
       0
       0
       0
       0
       0
       1
       0
       0
       0
       1
       0
       0
       0
       0
       0
       0
       0
       0
       0
       0
       0
       1
       0
       0
       0
       0
       0
       0
       0
       0
       0
       0
       1
       0
       1
       0
       0
       1
       0
       0
       0
       0
       0
       1
       0
       0
       0
       0
       0
       0
       0
       0
       0
       0
       0
       0
       1
       0
       0
       0
       0
       0
       0
       0
       0
       0
       0
       0
       0
       0
       0
       0
       0
       0
       0
       0
       0
       0
       0
       0
       0
       0
       0
       0
       0
       0
       1
       0
       0
       0
       0
       0
       1
       0
       0
       0
       0
       0
       0
       0
       0
       0
       0
       0
       0
       0
       1
       0
       0
       1
       0
       0
       0
       0
       0
       0
       0
       0
       0
       0
       0
       0
       0
       0
       0
       0
       0
       0
       0
       0
       0
       1
       0
       0
       0
       0
       0
       0
       0
       0
       1
       0
       0
       0
       0
       0
       0
       0
       0
       0
       0
       0
       0
       0
       0
       0
       0
       0
       0
       0
       1
       0
       0
       0
       0
       0
       1
       0
       0
       0
       0
       0
       0
       0
       0
       0
       0
       0
       0
       0
       0
       0
       1
       0
       0
       0
       0
       0
       0
       0
       1
       0
       0
       0
       0
       0
       0
       0
       0
       0
       0
       0
       0
       0
       0
       0
       0
       0
       0
       0
       0
       0
       0
       0
       0
       0
       0
       0
       0
       0
       0
       0
       0
       0
       0
       0
       0
       0
       1
       0
       0
       0
       1
       0
       0
       0
       1
       0
       0
       0
       0
       0
       0
       0
       0
       0
       0
       0
       0
       0
       1
       0
       0
       0
       0
       0
       0
       0
       0
       0
       0
       0
       0
       0
       0
       0
       0
       0
       0
       0
       0
       0
       0
       0
       0
       0
       0
       0
       0
       0
       0
       0
       0
       0
       0
       0
       0
       0
       0
       0
       0
       0
       0
       0
       1
       0
       0
       0
       0
       0
       0
       0
       0
       0
       0
       0
       0
       0
       0
       0
       0
       0
       1
       0
       0
       0
       0
       0
       0
       0
       0
       0
       0
       0
       0
       0
       0
       0
       0
       0
       0
       0
       0
       0
       0
       0
       0
       0
       0
       0
       0
       0
       0
       0
       0
       0
       0
       0
       0
       0
       0
       0
       0
       0
       0
       0
       0
       0
       0
       0
       0
       0
       0
       0
       0
       0
       0
       0
       0
       0
       0
       0
       0
       1
       0
       0
       0
       0
       0
       0
       0
       0
       0
       0
       0
       0
       0
       0
       0
       0
       0
       0
       0
       0
       0
       0
       0
       0
       0
       0
       0
       0
       0
       0
       0
       0
       0
       0
       0
       0
       0
       0
       0
       0
       0
       0
       0
       0
       0
       0
       0
       0
       0
       0
       0
       0
       0
       0
       0
       0
       0
       1
       0
       0
       0
       1
       0
       0
       0
       0
       1
       0
       0
       0
       0
       0
       0
       0
       0
       0
       0
       0
       0
       0
       0
       0
       0
       0
       0
       0
       0
       0
       0
       0
       0
       0
       0
       0
       0
       0
       0
       0
       0
       0
       0
       0
       0
       0
       0
       0
       0
       0
       0
       0
       0
       0
       0
       0
       0
       0
       0
       0
       0
       0
       0
       0
       0
       0
       0
       0
       0
       0
       0
       0
       0
       0
       0
       0
       0
       0
       0
       0
       0
       0
       0
       0
       0
       0
       0
       0
       0
       0
       0
       0
       0
       0
       0
       0
       0
       0
       0
       0
       0
       0
       0
       0
       0
       0
       0
       0
       1
       0
       0
       0
       1
       0
       0
       0
       0
       0
       0
       0
       0
       0
       0
       0
       0
       0
       0
       0
       0
       0
       0
       0
       0
       0
       0
       0
       0
       0
       0
       0
       0
       0
       0
       0
       0
       0
       0
       0
       0
       0
       0
       0
       0
       0
       0
       0
       0
       0
       0
       0
       0
       0
       0
       0
       0
       0
       0
       0
       0
       0
       0
       0
       0
       0
       0
       0
       0
       0
       0
       0
       0
       0
       0
       0
       1
       0
       0
       0
       0
       0
       0
       0
       0
       0
       0
       0
       0
       0
       0
       0
       0
       0
       0
       0
       0
       0
       0
       0
       0
       0
       0
       0
       0
       1
       0
       0
       0
       0
       0
       0
       0
       0
       0
       0
       0
       0
       0
       0
       0
       0
       0
       0
       0
       0
       0
       0
       0
       0
       0
       0
       0
       0
       0
       0
       0
       0
       0
       0
       0
       0
       0
       0
       0
       1
       0
       0
       0
       0
       0
       0
       0
       0
       0
       0
       0
       0
       0
       0
       0
       0
       0
       0
       0
       0
       1
       0
       0
       1
       0
       0
       0
       0
       0
       0
       0
       0
       0
       0
       0
       0
       0
       0
       0
       0
       0
       0
       0
       0
       1
       0
       0
       0
       0
       0
       0
       0
       0
       0
       0
       0
       0
       0
       0
       0
       0
       0
       0
       0
       0
       0
       0
       0
       0
       0
       0
       0
       0
       0
       0
       0
       0
       0
       0
       0
       0
       0
       0
       0
       0
       0
       0
       0
       0
       0
       0
       0
       0
       0
       0
       0
       0
       0
       0
       0
       0
       0
       0
       0
       0
       0
       0
       0
       0
       0
       0
       0
       0
       0
       0
       0
       0
       0
       0
       0
       0
       0
       0
       0
       0
       0
       0
       0
       0
       0
       0
       0
       0
       0
       0
       0
       0
       0
       0
       0
       0
       0
       0
       0
       0
       0
       0
       0
       0
       0
       0
       0
       0
       0
       0
       0
       0
       0
       0
       0
       0
       0
       0
       0
       0
       0
       0
       0
       0
       1
       0
       0
       0
       0
       0
       0
       0
       0
       0
       1
       0
       0
       0
       0
       0
       0
       0
       1
       0
       0
       0
       0
       0
       0
       0
       0
       0
       0
       0
       0
       0
       0
       0
       0
       0
       0
       0
       0
       0
       0
       1
       0
       0
       0
       0
       0
       0
       0
       0
       0
       0
       0
       0
       0
       0
       0
       0
       0
       0
       0
       0
       0
       0
       0
       0
       0
       0
       0
       0
       0
       0
       0
       0
       0
       0
       0
       0
       0
       0
       0
       0
       0
       0
       0
       0
       0
       0
       0
       0
       0
       0
       0
       0
       0
       0
       0
       0
       0
       0
       0
       0
       0
       0
       0
       0
       0
       0
       0
       0
       0
       0
       0
       0
       0
       0
       0
       0
       0
       0
       0
       0
       0
       0
       0
       0
       0
       0
       0
       0
       0
       0
       0
       0
       0
       0
       0
       0
       0
       0
       0
       0
       0
       0
       0
       0
       0
       0
       0
       0
       0
       0
       0
       0
       0
       0
       1
       0
       0
       0
       0
       0
       0
       0
       0
       0
       0
       0
       0
       0
       0
       0
       0
       0
       0
       0
       0
       0
       0
       0
       0
       0
       0
       0
       0
       0
       0
       0
       0
       0
       0
       0
       0
       0
       0
       0
       0
       0
       0
       0
       0
       0
       0
       0
       0
       0
       0
       0
       0
       0
       0
       0
       0
       0
       0
       0
       0
       0
       0
       0
       0
       0
       0
       0
       0
       0
       0
       0
       0
       0
       0
       0
       0
       0
       0
       0
       0
       0
       0
       0
       0
       0
       0
       0
       0
       0
       0
       0
       0
       0
       0
       0
       0
       0
       0
       0
       0
       0
       0
       0
       0
       0
       0
       0
       0
       0
       0
       0
       0
       0
       0
       0
       0
       0
       0
       0
       0
       0
       0
       0
       0
       0
       0
       0
       0
       0
       0
       0
       0
       0
       0
       0
       0
       0
       0
       0
       0
#$ROI:
#3
#7 37
#229 258
#309 377
#$PRESETS:
#Real Time
#180
#0
#$ENER_FIT:
#0.000000 0.000000
#$MCA_CAL:
#3
#0.000000E+000 0.000000E+000 0.000000E+000 
#$SHAPE_CAL:
#3
#0.000000E+000 0.000000E+000 0.000000E+000
