$SPEC_ID:
No sample description was entered.
$SPEC_REM:
DET# 1
DETDESC# LAB4D1 Easy-MCA-2k SN 14311467
AP# Maestro Version 7.01
$DATE_MEA:
11/29/2022 15:46:57
$MEAS_TIM:
164 180
$DATA:
0 2047
       0
       0
       0
       0
       0
       0
       0
       0
       0
       0
       0
       0
       0
       0
       0
       0
       0
       0
       0
       0
       0
      35
   77019
  113529
   92083
   77653
   64893
   52950
   42374
   33028
   25647
   19619
   14631
   11146
    8417
    6306
    5030
    4063
    3478
    2974
    2701
    2503
    2356
    2196
    2138
    2067
    2027
    1924
    1874
    1874
    1777
    1750
    1688
    1659
    1667
    1546
    1482
    1375
    1324
    1352
    1337
    1168
    1151
    1096
    1034
     987
     896
     851
     776
     767
     747
     667
     699
     649
     604
     559
     530
     503
     539
     539
     575
     517
     538
     579
     574
     572
     560
     557
     551
     536
     545
     540
     460
     458
     426
     436
     388
     320
     339
     287
     281
     254
     225
     216
     198
     180
     153
     170
     124
     128
     102
     116
     103
      87
      72
      73
      88
      74
      55
      65
      49
      50
      56
      42
      45
      39
      41
      42
      47
      43
      36
      38
      43
      24
      50
      28
      40
      33
      28
      37
      33
      32
      26
      25
      28
      27
      38
      34
      34
      31
      36
      29
      32
      25
      29
      30
      38
      36
      23
      25
      31
      37
      32
      31
      31
      32
      28
      30
      33
      34
      26
      40
      23
      26
      31
      23
      31
      28
      34
      37
      29
      34
      30
      35
      38
      29
      28
      37
      22
      35
      32
      22
      21
      29
      22
      30
      33
      33
      27
      26
      29
      34
      29
      27
      29
      30
      18
      22
      32
      23
      36
      33
      23
      29
      27
      28
      30
      22
      22
      20
      28
      31
      22
      23
      28
      23
      23
      17
      23
      18
      23
      30
      30
      26
      27
      26
      16
      26
      28
      24
      24
      26
      25
      18
      24
      16
      22
      27
      18
      18
      31
      26
      33
      20
      26
      31
      40
      25
      37
      27
      27
      28
      25
      29
      30
      38
      18
      29
      30
      44
      27
      34
      47
      33
      34
      36
      41
      42
      44
      40
      52
      47
      56
      56
      62
      74
      62
      49
      52
      52
      67
      40
      56
      63
      81
      53
      60
      79
      71
      72
      48
      65
      55
      72
      89
      86
      86
      96
     117
     117
     125
     152
     186
     214
     237
     288
     317
     353
     446
     499
     539
     567
     721
     776
     915
     992
    1230
    1410
    1653
    1905
    2242
    2477
    2858
    3144
    3566
    3815
    4030
    4196
    4389
    4291
    4340
    4283
    4097
    3918
    3463
    3223
    2817
    2433
    2186
    1845
    1573
    1364
    1258
    1042
    1023
     794
     740
     618
     565
     525
     419
     371
     340
     276
     261
     229
     164
     150
     134
      72
      73
      61
      56
      43
      34
      23
      18
      15
      11
      12
      11
      16
      10
       3
      12
       8
      10
      10
       5
       7
       6
       3
       9
       7
       5
       4
      10
      11
       4
       5
       7
       3
       7
       9
       5
       2
       3
       5
       2
       4
       5
       4
       2
       6
       2
       2
       5
       2
       4
       1
       3
       1
       5
       2
       4
       6
       0
       1
       1
       5
       1
       3
       1
       2
       3
       1
       4
       3
       5
       4
       3
       2
       1
       1
       1
       1
       5
       2
       2
       3
       0
       0
       0
       2
       4
       1
       2
       0
       0
       1
       0
       5
       1
       1
       2
       1
       1
       1
       2
       2
       1
       1
       1
       1
       2
       0
       2
       1
       2
       5
       3
       1
       0
       2
       1
       3
       1
       0
       0
       4
       1
       1
       2
       3
       1
       0
       0
       0
       1
       1
       2
       0
       3
       2
       2
       2
       0
       2
       0
       1
       1
       0
       1
       4
       2
       1
       1
       0
       3
       0
       1
       0
       6
       2
       0
       2
       2
       0
       1
       2
       4
       2
       2
       2
       3
       0
       4
       0
       2
       1
       0
       0
       2
       0
       0
       0
       0
       1
       1
       2
       1
       2
       2
       2
       3
       1
       2
       1
       1
       3
       0
       1
       3
       3
       5
       1
       5
       2
       3
       3
       5
       7
       3
       4
       3
       6
       4
       2
       2
       3
       1
       5
       3
       3
       4
       0
       4
       2
       5
       5
       2
       5
       2
       2
       6
       7
       2
       3
       1
       1
       3
       1
       3
       1
       2
       1
       3
       0
       1
       2
       3
       0
       2
       0
       1
       3
       0
       3
       0
       2
       5
       2
       2
       0
       0
       2
       2
       1
       2
       2
       1
       1
       2
       2
       0
       1
       3
       3
       1
       3
       1
       1
       2
       3
       0
       6
       1
       2
       2
       0
       4
       7
       1
       1
       0
       2
       0
       3
       4
       4
       2
       2
       1
       2
       1
       5
       5
       3
       1
       4
       1
       0
       5
       5
       1
       2
       2
       4
       3
       4
       2
       3
       5
       7
       4
       4
       0
       1
       2
       1
       3
       2
       2
       2
       3
       0
       1
       3
       0
       1
       0
       0
       0
       1
       0
       0
       0
       0
       0
       1
       0
       1
       0
       0
       0
       0
       0
       1
       0
       0
       0
       0
       0
       0
       0
       1
       0
       0
       0
       0
       0
       0
       2
       0
       0
       0
       0
       0
       1
       0
       1
       0
       0
       0
       1
       0
       0
       0
       0
       0
       1
       0
       1
       0
       0
       0
       0
       0
       0
       0
       0
       0
       0
       0
       0
       0
       0
       0
       0
       0
       0
       0
       0
       0
       0
       1
       0
       0
       0
       0
       0
       0
       1
       0
       0
       0
       1
       1
       0
       0
       0
       0
       0
       0
       0
       0
       0
       0
       0
       0
       0
       0
       0
       0
       0
       0
       0
       0
       0
       0
       0
       0
       0
       0
       0
       0
       0
       0
       0
       1
       0
       0
       0
       0
       0
       0
       0
       0
       0
       0
       0
       1
       0
       0
       0
       0
       0
       0
       0
       0
       0
       0
       0
       0
       0
       0
       0
       0
       1
       0
       0
       0
       0
       0
       1
       0
       0
       0
       0
       0
       1
       0
       0
       1
       0
       0
       0
       0
       0
       0
       0
       0
       0
       0
       0
       1
       0
       0
       1
       0
       1
       0
       1
       0
       0
       0
       0
       0
       0
       0
       0
       0
       0
       0
       1
       0
       1
       0
       0
       0
       0
       0
       1
       0
       0
       0
       0
       0
       0
       0
       0
       0
       0
       0
       0
       0
       0
       0
       0
       0
       0
       0
       0
       0
       0
       0
       0
       0
       0
       0
       0
       0
       0
       0
       0
       0
       0
       0
       0
       0
       0
       0
       0
       0
       0
       0
       0
       0
       0
       1
       0
       0
       0
       0
       0
       0
       0
       0
       0
       0
       0
       0
       0
       1
       0
       0
       0
       0
       0
       0
       0
       0
       0
       1
       0
       0
       0
       0
       0
       0
       0
       0
       0
       0
       0
       0
       0
       0
       0
       0
       0
       0
       1
       0
       0
       0
       0
       1
       0
       1
       0
       0
       0
       0
       0
       0
       0
       0
       0
       0
       0
       0
       0
       0
       0
       0
       0
       0
       0
       0
       0
       0
       0
       0
       0
       0
       0
       0
       0
       0
       1
       0
       0
       1
       0
       0
       0
       0
       0
       0
       0
       0
       0
       0
       0
       0
       0
       0
       1
       0
       0
       0
       0
       0
       0
       0
       0
       0
       0
       0
       0
       0
       0
       0
       0
       0
       0
       0
       0
       0
       0
       0
       0
       0
       0
       0
       0
       0
       0
       0
       0
       0
       0
       0
       0
       0
       0
       0
       0
       0
       0
       0
       0
       0
       0
       0
       0
       0
       0
       0
       0
       0
       0
       0
       0
       0
       0
       0
       0
       0
       1
       0
       0
       0
       0
       0
       0
       1
       0
       0
       0
       1
       0
       0
       0
       0
       0
       0
       0
       0
       0
       0
       0
       1
       0
       0
       0
       0
       0
       0
       0
       0
       0
       0
       1
       0
       0
       0
       0
       0
       0
       0
       0
       0
       0
       0
       0
       0
       0
       0
       0
       0
       0
       0
       0
       0
       0
       0
       0
       0
       0
       0
       0
       0
       0
       0
       1
       0
       0
       0
       0
       0
       0
       0
       1
       0
       0
       0
       0
       0
       0
       0
       0
       0
       0
       0
       1
       0
       0
       0
       0
       0
       0
       0
       0
       0
       0
       0
       0
       0
       0
       0
       0
       0
       0
       0
       0
       0
       0
       0
       0
       0
       0
       0
       0
       0
       0
       0
       0
       0
       0
       0
       0
       0
       0
       0
       0
       0
       0
       0
       1
       0
       0
       0
       0
       0
       0
       0
       0
       0
       0
       0
       0
       0
       0
       0
       0
       0
       1
       0
       0
       0
       1
       0
       0
       0
       0
       0
       0
       0
       0
       0
       0
       0
       0
       0
       0
       0
       0
       0
       0
       0
       0
       0
       0
       0
       0
       0
       0
       0
       0
       0
       0
       0
       0
       0
       0
       0
       0
       0
       0
       0
       0
       0
       0
       0
       0
       0
       0
       0
       0
       0
       0
       0
       1
       0
       0
       0
       0
       0
       0
       0
       0
       0
       0
       0
       0
       0
       0
       0
       0
       0
       0
       0
       0
       0
       0
       0
       0
       0
       0
       0
       0
       0
       0
       0
       0
       0
       0
       0
       0
       0
       0
       0
       0
       0
       0
       0
       0
       0
       0
       1
       0
       0
       0
       0
       0
       0
       0
       0
       0
       0
       0
       0
       0
       0
       0
       0
       0
       0
       0
       0
       0
       1
       0
       0
       0
       0
       0
       0
       0
       0
       0
       0
       0
       0
       0
       0
       0
       0
       0
       0
       0
       0
       0
       0
       0
       0
       1
       0
       0
       0
       0
       0
       0
       1
       0
       0
       1
       0
       0
       0
       0
       0
       0
       0
       0
       0
       0
       0
       0
       0
       0
       0
       0
       0
       0
       0
       1
       0
       0
       0
       0
       0
       0
       0
       0
       0
       0
       0
       0
       0
       0
       0
       0
       0
       0
       0
       0
       0
       0
       0
       0
       0
       0
       0
       0
       0
       0
       0
       0
       0
       0
       0
       0
       0
       0
       0
       0
       0
       0
       0
       0
       0
       0
       0
       0
       0
       0
       0
       0
       1
       0
       0
       0
       0
       0
       0
       0
       0
       0
       0
       0
       1
       0
       0
       0
       0
       0
       0
       0
       0
       0
       0
       0
       0
       0
       0
       0
       0
       0
       0
       0
       0
       0
       0
       0
       0
       0
       0
       0
       0
       0
       0
       0
       0
       0
       0
       0
       0
       0
       0
       0
       0
       0
       0
       0
       0
       0
       0
       0
       0
       0
       0
       0
       0
       0
       0
       0
       0
       0
       0
       0
       0
       0
       0
       0
       0
       0
       0
       0
       0
       0
       0
       0
       1
       0
       0
       0
       0
       0
       0
       0
       0
       0
       0
       0
       0
       0
       0
       0
       0
       0
       0
       0
       0
       0
       0
       0
       0
       0
       0
       0
       0
       0
       0
       0
       0
       0
       0
       0
       0
       0
       0
       0
       0
       0
       0
       0
       0
       0
       0
       0
       0
       0
       0
       0
       0
       0
       0
       0
       0
       0
       0
       0
       0
       0
       0
       0
       0
       0
       0
       0
       0
       0
       0
       0
       0
       0
       0
       0
       0
       0
       0
       0
       0
       0
       0
       0
       0
       0
       0
       0
       0
       0
       0
       0
       0
       0
       0
       0
       0
       0
       0
       0
       0
       0
       0
       0
       0
       0
       0
       0
       0
       0
       0
       0
       0
       0
       0
       0
       0
       0
       0
       0
       0
       0
       0
       0
       0
       0
       0
       0
       0
       0
       0
       1
       0
       0
       0
       0
       0
       0
       0
       0
       0
       0
       0
       0
       0
       0
       0
       0
       0
       0
       0
       0
       0
       0
       0
       0
       0
       0
       0
       0
       0
       0
       0
       0
       0
       0
       0
       0
       0
       0
       0
       0
       0
       0
       0
       0
       0
       0
       0
       0
       0
       0
       0
       0
       0
       0
       0
       0
       0
       0
       0
       0
       0
       0
       0
       0
       0
       0
       0
       0
       0
       0
       0
       0
       0
       0
       0
       0
       0
       0
       0
       1
       0
       0
       0
       0
       0
       0
       0
       0
       0
       0
       0
       0
       0
       0
       0
       0
       0
       0
       0
       0
       0
       0
       0
       0
       0
       0
       0
       0
       0
       0
       0
       0
       0
       0
       0
       0
       0
       0
       0
       0
       0
       0
       0
       0
       0
       0
       0
       0
       0
       0
       0
       0
       0
       0
       0
       0
       0
       0
       0
       0
       1
       0
       0
       0
       0
       0
       0
       0
       0
       0
       0
       0
       0
       0
       0
       0
       0
       0
       0
       0
       0
       0
       0
       0
       0
       0
       0
       0
       0
       0
       0
       0
       0
       0
       0
       0
       0
       0
       0
       0
       0
       0
       0
       0
       1
       0
       0
       0
       0
       0
       0
       0
       0
       0
       0
       0
       0
       0
       0
       0
       0
       0
       0
       0
       0
       0
       0
       0
       0
       0
       0
       0
       0
       0
       0
       0
       0
       0
       0
       0
       0
       0
       0
       0
       0
       0
       0
       0
       0
       0
       0
       0
       0
       0
       0
       0
       0
       0
       0
       0
       0
       0
       0
       0
       0
       0
       0
       0
       0
       0
       0
       0
       0
       0
       0
       0
       0
       0
       0
       0
       0
       0
       0
       0
       0
       0
       0
       0
       0
       0
       0
       0
       0
       0
       0
       0
       0
       0
       0
       0
       0
       0
       0
       0
       0
       0
       0
       0
       0
       0
       0
       0
       0
       0
       0
       0
       0
       0
       0
       0
       0
       0
       0
       0
       0
       0
       0
       0
       0
       0
       0
       0
       0
       0
       0
       0
       0
       0
       0
       0
       0
       0
       0
       0
       0
       0
       0
       0
       0
       0
       0
       0
       0
       0
       0
       0
       0
       0
       0
       0
       0
$ROI:
3
7 37
229 258
309 377
$PRESETS:
Real Time
180
0
$ENER_FIT:
0.000000 0.000000
$MCA_CAL:
3
0.000000E+000 0.000000E+000 0.000000E+000 
$SHAPE_CAL:
3
0.000000E+000 0.000000E+000 0.000000E+000
