#$SPEC_ID:
#No sample description was entered.
#$SPEC_REM:
#DET# 1
#DETDESC# LAB4C1 Easy-MCA-2k SN 20066403
#AP# Maestro Version 7.01
#$DATE_MEA:
#11/17/2022 15:16:40
#$MEAS_TIM:
#100 102
#$DATA:
#0 2047
       0
       0
       0
       0
       0
       0
       0
       0
       0
       5
     103
      91
      88
      96
     126
     126
     138
     166
     234
     344
     475
     660
     843
    1076
    1493
    1759
    2313
    2814
    3117
    3222
    3329
    3266
    3264
    3505
    3506
    3388
    3382
    3195
    3060
    2982
    2905
    3086
    2843
    2888
    2742
    2675
    2689
    2604
    2365
    2059
    1667
    1289
     990
     678
     485
     293
     218
     197
     146
     144
     189
     210
     243
     319
     371
     448
     570
     755
     847
    1077
    1325
    1483
    1730
    2085
    2409
    2647
    3007
    3538
    3975
    4451
    5220
    6156
    7090
    8127
    9571
   10848
   12209
   13412
   14081
   14594
   14822
   14221
   13252
   11480
    9793
    8073
    6203
    4817
    3493
    2459
    1621
    1016
     686
     456
     245
     183
     117
     104
      89
      69
      70
      89
      92
      76
      70
      80
     105
      72
      74
      91
      89
      86
      66
      74
      85
      91
      80
      90
      83
      62
      81
      69
      82
      72
      65
      67
      62
      72
      63
      43
      59
      66
      71
      91
      71
      73
      82
      51
      61
      55
      64
      76
      70
      51
      60
      72
      83
      64
      54
      54
      66
      74
      48
      47
      74
      62
      47
      51
      48
      69
      39
      56
      55
      50
      55
      45
      58
      39
      46
      43
      54
      54
      40
      45
      51
      42
      40
      50
      38
      45
      49
      36
      28
      45
      38
      40
      32
      44
      33
      35
      37
      29
      33
      37
      39
      37
      43
      25
      27
      26
      26
      38
      34
      33
      31
      38
      28
      30
      41
      35
      35
      33
      24
      29
      30
      23
      33
      25
      31
      35
      33
      26
      39
      26
      23
      35
      30
      17
      33
      37
      22
      25
      25
      22
      23
      25
      28
      19
      31
      23
      25
      28
      24
      27
      24
      38
      22
      28
      18
      20
      28
      25
      19
      27
      25
      24
      26
      24
      23
      20
      35
      23
      21
      26
      14
      26
      16
      15
      25
      20
      31
      31
      19
      19
      24
      15
      19
      15
      19
      20
      31
      25
      20
      18
      28
      15
      17
      19
      17
      19
      20
      21
      17
      18
      18
      15
      25
      22
      20
      22
      26
      17
      13
      18
      18
      23
      20
      24
      14
      21
      14
      21
      24
      19
      16
      15
      20
      20
      21
      15
      19
      15
      14
      27
      15
      14
      15
      23
      10
      12
      14
      15
      19
      15
      12
      10
      22
      13
      13
      12
      17
      14
      16
      14
      12
      14
      13
      14
       8
       7
      13
      12
       7
      11
      16
      20
      14
      10
      11
      12
      18
      13
      12
      11
      19
       6
      15
      11
       8
      11
       3
      10
       6
       8
      14
      22
      16
      10
       9
      11
       7
      14
      14
      14
      12
      12
      11
      17
       8
       9
      13
      11
       6
       6
      11
       8
      13
       9
      12
       8
      11
       7
       8
       4
       9
       7
      17
       4
       6
      13
      10
       5
      11
       6
      11
       7
       6
       4
       7
      11
       6
      13
       8
      14
      11
       5
       9
       6
      15
       7
      15
       6
       8
       4
      14
       5
      10
      10
      10
      16
       9
       6
       8
       6
      11
       8
       5
      12
       5
       7
      10
       9
       8
       2
      11
       9
       7
       9
       6
       8
       4
       7
       6
       7
       8
       9
       9
       8
       4
       6
       9
       4
      11
       7
       6
       3
       5
       9
       6
       6
       8
       5
       5
       2
       4
       5
       4
       4
       4
       6
       6
       5
       8
       4
       3
       6
       6
       4
       9
       8
       5
       6
       4
       2
       2
       2
       2
       4
       3
       6
       4
       4
       5
       3
       0
       3
      11
       7
       5
       2
       7
       6
       7
       8
       6
       9
       5
       4
       6
       4
       3
       5
       5
       6
       6
       5
       4
       9
       2
       5
       5
       7
       3
       6
      10
       4
       5
       4
       3
       8
       2
       3
       5
       3
       3
       5
       1
       3
       4
       4
       3
       5
       3
       3
       5
       3
       6
       4
       6
       0
       4
       4
       2
       6
       7
       3
       5
       5
       8
       3
       4
       3
       5
       2
       5
       4
       3
       2
       3
       2
       3
       6
       2
       3
       7
       1
       4
       5
       2
       4
       2
       5
       3
       4
       6
       5
       2
       4
       0
       6
       8
       3
       2
       3
       5
       2
       2
       5
       5
       6
       6
       7
       3
       2
       0
       3
       4
       3
       4
       3
       3
       2
       3
       3
       3
       3
       2
       3
       2
       3
       3
       3
       3
       3
       2
       8
       6
       4
       3
       4
       5
       3
      10
       2
       3
       2
       3
       1
       3
       1
       3
       2
       5
       3
       4
       4
       4
       6
       3
       2
       1
       4
       3
       4
       3
       7
       4
       1
       0
       1
       4
       3
       0
       2
       0
       2
       2
       3
       1
       1
       3
       5
       5
       4
       0
       3
       1
       1
       3
       2
       4
       2
       7
       5
       0
       1
       1
       2
       3
       4
       0
       4
       8
       4
       3
       1
       2
       0
       4
       3
       4
       2
       5
       4
       6
       5
       1
       0
       5
       3
       4
       2
       6
       2
       4
       1
       1
       2
       5
       4
       1
       4
       3
       3
       2
       6
       1
       4
       0
       0
       3
       3
       2
       3
       0
       2
       3
       8
       6
       3
       2
       6
       5
       4
       4
       6
       3
       5
       4
       4
       2
       4
       7
       6
       0
       3
       6
       2
       4
       7
       2
       1
       2
       6
       2
       0
       4
       1
       3
       6
       4
       4
       7
       3
       1
       5
       4
       0
       1
       3
       5
       2
       4
       5
       3
       1
       5
       0
       4
       5
       5
       3
       1
       5
       1
       5
       2
       1
       3
       3
       2
       5
       1
       4
       1
       1
       3
       4
       3
       4
       7
       4
       3
       4
       2
       8
       6
       5
       2
       6
       1
       7
       2
       1
       3
       2
       8
       3
       3
       2
       2
       4
       3
       7
       6
       3
       2
       1
       3
       3
       2
       4
       2
       1
       2
       3
       4
       0
       4
       2
       2
       4
       3
       3
       2
       1
       1
       2
       1
       3
       2
       2
       1
       1
       4
       1
       3
       0
       1
       3
       2
       1
       1
       4
       2
       0
       3
       3
       4
       2
       3
       2
       4
       0
       3
       2
       1
       1
       0
       3
       1
       3
       2
       5
       1
       1
       2
       2
       2
       5
       0
       2
       2
       0
       0
       0
       2
       1
       2
       2
       0
       0
       2
       2
       3
       0
       1
       1
       3
       1
       1
       1
       2
       1
       1
       1
       1
       2
       2
       2
       2
       3
       0
       1
       2
       2
       1
       4
       1
       1
       1
       1
       2
       2
       1
       0
       0
       2
       3
       2
       1
       1
       1
       1
       2
       2
       1
       2
       0
       2
       0
       1
       1
       6
       1
       0
       2
       2
       1
       3
       0
       1
       1
       2
       1
       2
       3
       1
       0
       1
       0
       0
       2
       2
       2
       2
       2
       2
       2
       2
       1
       1
       1
       4
       4
       0
       0
       0
       0
       2
       0
       0
       1
       1
       5
       2
       0
       0
       2
       1
       2
       1
       1
       0
       1
       2
       0
       3
       0
       0
       1
       0
       0
       4
       1
       0
       1
       3
       0
       0
       2
       1
       0
       1
       0
       4
       1
       0
       1
       0
       2
       1
       1
       2
       2
       0
       3
       3
       1
       1
       1
       1
       0
       0
       1
       3
       1
       2
       3
       1
       1
       0
       3
       1
       1
       0
       1
       1
       1
       0
       2
       1
       1
       2
       0
       2
       2
       0
       0
       1
       3
       0
       0
       0
       0
       0
       1
       2
       0
       1
       3
       1
       0
       1
       2
       0
       2
       1
       0
       1
       1
       4
       3
       0
       1
       1
       1
       0
       1
       2
       4
       1
       1
       1
       1
       1
       0
       1
       2
       0
       0
       0
       1
       2
       0
       0
       0
       1
       0
       1
       1
       2
       0
       0
       1
       1
       0
       0
       0
       1
       0
       0
       0
       0
       0
       0
       1
       2
       3
       0
       3
       1
       2
       2
       2
       1
       2
       0
       1
       4
       1
       0
       0
       1
       1
       0
       0
       1
       1
       2
       0
       2
       0
       1
       1
       0
       0
       1
       0
       0
       2
       1
       2
       0
       1
       1
       1
       1
       1
       2
       0
       0
       0
       0
       2
       3
       2
       3
       0
       0
       0
       0
       3
       1
       0
       0
       0
       1
       1
       2
       0
       1
       1
       0
       0
       0
       1
       1
       2
       1
       1
       1
       0
       0
       0
       1
       0
       0
       1
       1
       1
       2
       0
       1
       0
       0
       0
       1
       2
       0
       1
       0
       2
       1
       0
       0
       0
       1
       2
       3
       0
       1
       0
       0
       1
       1
       0
       1
       0
       0
       0
       1
       1
       0
       0
       1
       0
       2
       1
       1
       1
       0
       0
       1
       1
       0
       0
       2
       0
       1
       2
       2
       1
       3
       4
       3
       0
       3
       0
       0
       0
       1
       1
       0
       1
       0
       0
       1
       0
       2
       1
       3
       0
       1
       3
       0
       1
       1
       1
       1
       0
       0
       1
       1
       0
       2
       0
       2
       1
       0
       1
       3
       0
       0
       0
       2
       1
       2
       0
       0
       0
       0
       1
       1
       1
       1
       0
       0
       0
       0
       0
       2
       0
       1
       0
       3
       0
       1
       0
       1
       2
       3
       1
       3
       1
       1
       0
       0
       0
       0
       2
       1
       3
       1
       2
       1
       2
       0
       4
       2
       0
       0
       1
       1
       0
       2
       1
       1
       0
       1
       0
       2
       1
       0
       0
       0
       2
       3
       0
       2
       0
       0
       2
       1
       0
       0
       2
       2
       0
       2
       0
       1
       1
       0
       0
       1
       2
       2
       0
       1
       0
       1
       0
       1
       1
       0
       1
       1
       0
       2
       0
       1
       1
       1
       2
       0
       0
       0
       1
       1
       2
       1
       2
       1
       2
       2
       0
       1
       1
       1
       3
       0
       0
       3
       2
       0
       1
       2
       0
       2
       1
       1
       0
       2
       2
       1
       0
       1
       1
       1
       0
       1
       0
       1
       1
       1
       0
       0
       1
       0
       0
       1
       1
       0
       0
       0
       2
       2
       0
       0
       2
       2
       1
       1
       0
       0
       0
       1
       1
       0
       1
       1
       0
       0
       1
       1
       4
       0
       0
       0
       1
       1
       1
       1
       0
       3
       1
       0
       1
       0
       0
       0
       2
       0
       2
       0
       1
       0
       0
       0
       0
       0
       2
       1
       0
       0
       0
       1
       0
       0
       0
       1
       1
       0
       0
       0
       0
       0
       0
       0
       0
       0
       2
       1
       1
       0
       0
       0
       1
       1
       0
       0
       0
       0
       1
       3
       0
       0
       0
       1
       1
       1
       0
       1
       2
       0
       2
       0
       0
       1
       0
       1
       0
       0
       0
       1
       0
       0
       1
       1
       0
       0
       2
       0
       0
       0
       0
       1
       0
       0
       0
       1
       0
       1
       0
       0
       0
       1
       1
       0
       0
       1
       0
       0
       0
       0
       0
       1
       0
       1
       1
       0
       0
       0
       0
       0
       3
       0
       0
       0
       0
       1
       0
       0
       0
       1
       2
       2
       1
       0
       0
       0
       1
       1
       2
       0
       1
       1
       1
       0
       1
       0
       1
       0
       0
       0
       1
       1
       0
       0
       1
       0
       0
       0
       1
       2
       1
       2
       1
       0
       2
       0
       0
       0
       0
       2
       1
       0
       0
       0
       0
       1
       0
       0
       1
       0
       0
       1
       0
       0
       0
       0
       0
       0
       0
       0
       0
       0
       0
       1
       1
       0
       0
       0
       0
       1
       1
       0
       2
       0
       0
       0
       1
       1
       0
       0
       1
       1
       0
       0
       0
       0
       2
       1
       1
       1
       3
       1
       1
       2
       1
       2
       2
       0
       0
       1
       0
       1
       0
       3
       1
       2
       0
       1
       1
       0
       0
       0
       0
       2
       0
       0
       0
       1
       0
       0
       1
       0
       0
       3
       4
       0
       1
       1
       0
       1
       0
       0
       2
       0
       2
       0
       0
       0
       1
       1
       0
       0
       1
       2
       3
       2
       1
       1
       1
       0
       1
       2
       1
       1
       0
       3
       1
       1
       1
       1
       1
       1
       1
       1
       2
       1
       3
       1
       1
       0
       0
       1
       0
       1
       1
       1
       0
       1
       0
       1
       0
       0
       1
       2
       0
       1
       1
       2
       0
       0
       2
       1
       0
       0
       0
       0
       0
       2
       0
       0
       0
       1
       1
       0
       0
       0
       0
       0
       0
       1
       1
       0
       3
       0
       0
       0
       0
       1
       1
       0
       0
       0
       0
       1
       1
       1
       0
       0
       1
       0
       0
       0
       1
       1
       0
       0
       0
       1
       0
       0
       0
       1
       1
       0
       0
       1
       0
       0
       0
       0
       1
       1
       0
       0
       0
       0
       0
       1
       0
       1
       0
       0
       0
       0
       0
       0
       0
       0
       0
       1
       0
       0
       0
       1
       1
       0
       0
       1
       1
       0
       2
       1
       0
       0
       0
       0
       0
       0
       0
       0
       0
       0
       0
       1
       0
       0
       0
       1
       0
       0
       0
       0
       0
       0
       0
       0
       0
       0
       0
       0
       1
       0
       0
       0
       0
       0
       0
       0
       0
       0
       0
       0
       0
       0
       0
       0
       0
       0
       0
       0
       0
       0
       0
       0
       0
       0
       0
       0
       0
       0
       0
       0
       0
       0
       0
       0
       0
       0
       0
       0
       0
       0
       0
       0
       0
       0
       0
       0
       0
       0
       0
       0
       0
       0
       0
       0
       0
       0
       0
       0
       0
       0
       0
       0
       0
       0
       0
       0
       0
       0
       0
       0
       0
       0
       0
       0
       0
       0
       0
       0
       0
       0
#$ROI:
#0
#$PRESETS:
#None
#0
#0
#$ENER_FIT:
#0.000000 0.000000
#$MCA_CAL:
#3
#0.000000E+000 0.000000E+000 0.000000E+000 
#$SHAPE_CAL:
#3
#0.000000E+000 0.000000E+000 0.000000E+000
