$SPEC_ID:
No sample description was entered.
$SPEC_REM:
DET# 1
DETDESC# LAB4C1 Easy-MCA-2k SN 20066403
AP# Maestro Version 7.01
$DATE_MEA:
11/17/2022 15:03:52
$MEAS_TIM:
552 564
$DATA:
0 2047
       0
       0
       0
       0
       0
       0
       0
       0
       1
      21
    6477
    5230
    4097
    2758
    1677
    1313
    1001
     952
     949
     960
     978
     991
     963
    1089
    1076
    1133
    1228
    1412
    1485
    1726
    2013
    2500
    3053
    3913
    5137
    6757
    8791
   11148
   13905
   17490
   21271
   26238
   32378
   39315
   46793
   54176
   60157
   62867
   61514
   56584
   49422
   41010
   33017
   25996
   19882
   15200
   11674
    8886
    6424
    4753
    3628
    2801
    2327
    1990
    1900
    1851
    1968
    2026
    2113
    2306
    2482
    2603
    2835
    3033
    3155
    3187
    3409
    3405
    3451
    3428
    3556
    3474
    3551
    3301
    3281
    3275
    3272
    3251
    3484
    3483
    3670
    3835
    4265
    4530
    4445
    4856
    4932
    5050
    5169
    5341
    5608
    5599
    6050
    6133
    6565
    6938
    7409
    8250
    8847
   10017
   10648
   12039
   13186
   14239
   15379
   16376
   17207
   17557
   17713
   17463
   16834
   16019
   14526
   13038
   11496
    9811
    8079
    6852
    5474
    4459
    3497
    2882
    2383
    1971
    1562
    1604
    1416
    1268
    1262
    1320
    1310
    1272
    1266
    1340
    1263
    1333
    1336
    1334
    1384
    1382
    1473
    1519
    1517
    1529
    1534
    1556
    1692
    1655
    1740
    1781
    1758
    1834
    1820
    1841
    1848
    1773
    1850
    1746
    1830
    1636
    1664
    1568
    1613
    1562
    1470
    1382
    1448
    1353
    1388
    1312
    1330
    1379
    1331
    1407
    1377
    1455
    1330
    1340
    1421
    1398
    1414
    1427
    1456
    1460
    1468
    1593
    1534
    1579
    1583
    1581
    1609
    1592
    1640
    1654
    1675
    1701
    1725
    1738
    1716
    1699
    1697
    1796
    1712
    1701
    1723
    1719
    1682
    1725
    1767
    1708
    1780
    1706
    1677
    1648
    1690
    1621
    1603
    1555
    1541
    1468
    1556
    1405
    1366
    1446
    1449
    1337
    1291
    1320
    1314
    1334
    1293
    1199
    1204
    1198
    1253
    1219
    1232
    1104
    1171
    1147
    1122
    1172
    1154
    1113
    1105
    1092
    1103
    1090
    1054
    1133
    1066
    1001
    1060
    1020
    1027
    1041
     969
     969
    1000
     953
     931
     877
     926
     917
     848
     902
     886
     873
     839
     823
     824
     810
     857
     809
     793
     800
     786
     780
     772
     811
     791
     797
     769
     810
     793
     702
     769
     756
     744
     828
     678
     743
     718
     709
     726
     683
     694
     710
     710
     694
     658
     693
     685
     660
     613
     643
     672
     622
     651
     603
     616
     601
     619
     607
     616
     680
     621
     607
     615
     639
     663
     643
     648
     678
     694
     714
     636
     759
     763
     749
     724
     817
     825
     896
     839
     909
     946
     953
    1021
    1067
    1084
    1129
    1135
    1155
    1192
    1251
    1286
    1311
    1355
    1436
    1445
    1481
    1502
    1543
    1524
    1652
    1633
    1673
    1733
    1761
    1697
    1712
    1720
    1823
    1775
    1895
    1864
    2016
    1859
    1999
    1975
    2037
    2038
    2100
    2224
    2173
    2187
    2327
    2288
    2281
    2494
    2472
    2583
    2545
    2575
    2560
    2556
    2598
    2573
    2587
    2497
    2607
    2551
    2589
    2511
    2409
    2415
    2404
    2352
    2303
    2145
    2206
    2053
    2024
    1890
    1950
    1900
    1798
    1784
    1710
    1653
    1577
    1591
    1640
    1527
    1555
    1565
    1524
    1519
    1624
    1587
    1620
    1701
    1719
    1854
    1987
    2006
    2175
    2304
    2472
    2560
    2683
    2806
    2933
    3198
    3280
    3431
    3720
    3850
    3949
    4195
    4323
    4393
    4647
    4764
    4927
    5115
    5192
    5328
    5388
    5367
    5705
    5665
    5624
    5753
    5804
    5769
    5889
    5926
    5889
    5794
    5518
    5587
    5575
    5467
    5371
    5229
    5084
    5109
    4779
    4633
    4527
    4511
    4254
    3971
    3905
    3958
    3596
    3453
    3296
    3190
    3005
    2873
    2665
    2658
    2473
    2348
    2224
    2136
    2110
    1986
    1934
    1871
    1700
    1670
    1666
    1604
    1494
    1441
    1460
    1425
    1287
    1297
    1234
    1194
    1155
    1105
    1099
     959
     929
     943
     959
     887
     767
     772
     769
     735
     655
     604
     589
     565
     565
     525
     491
     476
     430
     441
     409
     429
     349
     332
     329
     344
     269
     278
     251
     248
     241
     248
     258
     254
     256
     216
     250
     240
     230
     256
     257
     259
     228
     214
     222
     225
     233
     220
     239
     223
     224
     231
     236
     219
     248
     242
     267
     254
     230
     259
     251
     248
     234
     214
     239
     253
     228
     258
     224
     208
     214
     203
     202
     213
     191
     185
     190
     183
     161
     177
     172
     148
     138
     126
     136
     134
     121
     115
     105
      84
     107
     108
      99
      88
      70
      91
      77
      61
      77
      64
      43
      60
      42
      52
      47
      46
      51
      47
      34
      54
      41
      46
      36
      26
      37
      33
      28
      38
      27
      23
      29
      28
      23
      28
      38
      21
      30
      28
      25
      25
      24
      31
      28
      34
      22
      16
      18
      26
      20
      29
      22
      22
      15
      19
      10
      19
      18
      16
      24
      22
      20
      25
      16
      16
      28
      19
      21
      19
      19
      19
      19
      21
      10
       7
      17
      14
      23
      20
      17
      14
      17
      15
      13
      25
      13
      24
      19
      12
      16
      24
      20
      23
      20
      14
      18
      11
      16
      20
      14
      15
      19
      21
      16
      17
      16
      16
      14
      10
      19
       8
      17
      15
      16
      22
      17
      23
      25
      17
      14
      12
      20
      14
      16
      20
       8
      15
      19
      14
      10
      16
      17
      14
      12
      21
      17
      13
      19
      19
      13
      16
      14
      16
      16
      16
      16
      16
      24
      20
      12
      19
      11
      25
      23
      25
      24
      18
      16
      10
      22
      17
      15
      15
      19
      17
      20
      16
      17
      12
      17
      15
      15
      16
      10
      16
      15
      23
      21
      13
      16
      13
      21
      13
      14
      20
      16
      12
      15
      12
      16
      15
      29
      17
      18
      14
       7
      12
      11
       8
      11
      10
      12
      17
       8
      19
      13
      14
      16
       8
      13
      14
      10
       7
       8
      18
       9
       8
      14
       7
       8
      10
       8
       8
      13
       7
       8
      12
      11
      13
      16
      10
      13
      15
      11
      10
      13
      10
      10
      10
       5
       7
       8
      14
       9
       8
      12
      13
       7
      14
      14
      12
       6
       4
      15
       7
      13
       8
       6
      12
      10
      11
      11
      12
       7
       2
       5
      13
       7
       8
       6
       5
       7
      11
      10
       7
       8
      11
      10
       6
       7
       5
       8
      11
       8
      11
       8
       5
       8
      11
      12
       4
       6
       7
      12
       7
      13
       7
       9
      11
       7
       8
      10
       7
       5
      10
      14
       6
       6
       4
      13
       4
       9
       9
      10
       6
       8
       7
      11
       6
       8
       9
       8
       6
       7
       7
       4
      11
       3
       8
       6
       7
       9
       5
       6
       2
       7
       8
      14
       7
      10
       4
       6
       6
      12
       5
       6
       9
       9
       4
      12
       8
       9
      12
       7
       5
       6
      11
      11
      10
       4
       6
       9
       6
       9
       9
       8
       8
      11
       6
       6
       5
       4
       7
       8
       4
       9
       7
       8
       8
       8
       8
       8
       4
       8
       6
      12
      10
      12
       9
       8
       9
       4
       7
       4
       7
       6
       1
       7
       6
      11
       8
       6
       6
       3
       6
       5
       4
       6
       8
       7
       4
       5
       5
       7
       7
       8
       3
       9
       8
       2
       5
       2
       4
       5
       6
       9
       7
       3
       8
       7
       7
       7
       2
       4
       6
       7
       9
       2
       6
       6
       4
       6
       4
       5
       4
       3
       8
       7
       6
       4
       6
       9
       6
       9
       4
       3
       9
       3
       9
       3
       7
       6
       6
       7
       6
       6
       8
       9
       2
       8
       3
       3
       2
       6
       4
       5
       2
      13
       7
       5
       6
       5
       4
       8
       3
       2
       9
       5
       7
       5
       7
       7
       4
       6
      12
       2
       4
       6
       5
       6
       2
       4
       4
       3
       4
       8
       2
       3
       5
       3
       3
       8
       7
       7
       7
       6
       6
       9
       9
       8
       8
       5
       4
       5
       5
       3
      12
      10
       5
       6
       3
       4
       9
       6
       8
       0
       5
       5
       5
       3
       5
       6
       7
       3
       3
      12
       5
       7
       7
      10
       8
       6
       4
       8
       7
       4
       9
       7
       4
       6
       6
       7
       5
       6
       4
       5
       3
       7
       2
       7
       3
       5
       4
       2
       2
       7
       9
       4
       6
       5
       6
       4
       3
       2
       5
       4
       6
       4
       9
       7
       8
       4
       6
       7
       6
       4
       8
       6
       3
       1
       2
       3
       4
       4
       3
       7
       7
       8
       5
       4
      10
       7
       5
       6
       7
      10
       2
       5
       3
       2
       6
       2
       5
      10
       3
       4
       5
       5
       5
       5
       4
       3
       6
       4
       2
      11
       4
       3
       4
       3
       4
       4
       5
       9
       5
       3
       6
       3
       2
       4
       6
       8
       8
       5
       2
       3
       4
       2
       2
       1
       1
       5
       4
       6
       7
       4
       2
       3
       7
       5
       4
       3
       4
       5
       3
       0
       2
       4
       1
       2
       3
       4
       5
       6
       3
       5
       9
       3
       4
       2
       0
       0
       4
       0
       2
       1
       7
       4
       5
       4
       2
       5
       5
       3
       2
       2
       2
       2
       2
       2
       4
       2
       5
       2
       2
       3
       4
       4
       7
       2
       5
       3
       5
       2
       4
       4
       5
       4
       4
       3
       3
       5
       6
       6
       3
       0
       6
       5
       7
       2
       3
       8
       3
       0
       4
       8
       0
       4
       4
       3
       6
       5
       3
       3
       7
       4
       2
       4
       7
       6
       4
       6
       2
       4
       4
       5
       4
       3
       6
       6
       4
       5
       3
       1
       6
       4
       3
       4
       2
       8
       4
       4
       2
       3
       3
       7
       5
       3
       3
       2
       1
       2
       9
       2
       6
       2
       4
       6
       4
       1
       2
      11
       5
       4
       4
       3
       8
       3
       3
       4
       4
       4
       4
       5
       3
       3
       4
       0
       5
       4
       3
       4
       6
       4
       5
       5
       2
       8
       1
       4
       3
       2
       6
       5
       4
       4
       6
       4
       4
       6
       1
       5
       4
       5
       1
       7
       4
       4
       5
       3
       5
       6
       4
       1
       5
       3
       9
       3
       1
       2
       3
       4
       6
       3
       4
       4
       2
       2
       3
       2
       5
       4
       5
       4
       7
       3
       4
       5
       3
       3
       3
       5
       5
       0
       3
       2
       4
       0
       2
       2
       2
       3
       0
       3
       2
       2
       6
       5
       1
       5
       4
       5
       0
       3
       3
       1
       3
       3
       3
       2
       3
       2
       0
       0
       2
       2
       4
       1
       4
       3
       3
       3
       2
       1
       1
       3
       3
       5
       5
       3
       3
       1
       2
       3
       2
       4
       4
       5
       2
       1
       2
       2
       2
       3
       3
       4
       0
       2
       3
       0
       3
       2
       2
       2
       1
       4
       1
       2
       2
       1
       4
       2
       6
       6
       2
       2
       3
       2
       0
       0
       0
       4
       1
       0
       3
       1
       3
       5
       5
       4
       1
       3
       1
       4
       0
       1
       2
       3
       1
       1
       0
       0
       3
       0
       3
       1
       3
       3
       2
       1
       3
       1
       2
       0
       1
       3
       1
       2
       1
       3
       2
       0
       1
       1
       2
       2
       3
       1
       1
       3
       2
       5
       1
       2
       0
       0
       2
       1
       5
       1
       5
       4
       1
       1
       1
       1
       1
       4
       2
       0
       0
       0
       0
       2
       3
       2
       3
       1
       0
       2
       1
       3
       2
       1
       2
       0
       4
       0
       3
       1
       3
       1
       0
       2
       3
       1
       2
       2
       5
       5
       2
       2
       0
       2
       1
       3
       0
       4
       2
       0
       2
       1
       0
       1
       3
       3
       2
       2
       1
       1
       2
       0
       2
       1
       3
       6
       3
       1
       3
       2
       1
       1
       2
       5
       4
       3
       3
       1
       5
       4
       2
       0
       3
       1
       0
       0
       2
       0
       1
       2
       4
       0
       1
       4
       6
       4
       2
       3
       2
       2
       5
       2
       3
       5
       5
       1
       6
       6
       2
       1
       5
       6
       5
       6
       2
       5
       4
       4
       2
       2
       4
       3
       3
       8
       6
       2
       3
       5
       6
       6
       8
       5
       5
       7
       7
       4
       3
       3
       3
       6
       3
       6
       5
       8
       4
       1
       7
       4
       6
       5
      11
       5
       3
       4
       6
       5
       7
      10
      10
       7
       9
       5
      10
       7
       4
       5
       6
       5
       5
       2
      13
       6
       7
       8
       2
       4
       2
       3
       3
       3
       2
       4
       5
       5
       6
       9
       2
       5
       6
       3
       2
       8
       3
       7
       7
       7
       6
       5
       4
       4
       3
       3
       2
       4
       1
       2
      10
       3
       7
       5
       6
       4
       4
       4
       4
       1
       3
       6
       2
       6
       1
       2
       3
       4
       4
       1
       1
       2
       4
       5
       1
       6
       3
       4
       0
       4
       2
       9
       3
       4
       3
       6
       1
       2
       2
       3
       3
       3
       2
       3
       1
       2
       1
       3
       1
       1
       0
       0
       3
       2
       3
       0
       1
       1
       3
       2
       3
       2
       2
       2
       1
       0
       0
       2
       0
       0
       1
       1
       2
       0
       2
       2
       1
       2
       0
       0
       1
       2
       1
       1
       0
       1
       2
       3
       1
       0
       0
       0
       0
       1
       1
       2
       2
       2
       0
       1
       1
       1
       0
       1
       1
       0
       1
       1
       0
       1
       1
       0
       1
       1
       0
       0
       1
       4
       1
       1
       0
       1
       0
       0
       0
       0
       0
       0
       0
       0
       0
       0
       0
       0
       0
       0
       0
       1
       0
       0
       0
       0
       0
       0
       0
       0
       0
       0
       0
       0
       0
       0
       0
       0
       0
       0
       0
       0
       0
       0
       0
       0
       0
       0
       0
       0
       0
       0
       0
       0
       0
       0
       0
       0
       0
       0
       0
       0
       0
       0
       0
       0
       0
       0
       0
       0
       0
       0
       0
       0
       0
       0
       0
       0
       0
       0
       0
       0
       0
       0
       0
       0
       0
       0
       0
       0
$ROI:
0
$PRESETS:
None
0
0
$ENER_FIT:
0.000000 0.000000
$MCA_CAL:
3
0.000000E+000 0.000000E+000 0.000000E+000 
$SHAPE_CAL:
3
0.000000E+000 0.000000E+000 0.000000E+000
