#$SPEC_ID:
#No sample description was entered.
#$SPEC_REM:
#DET# 1
#DETDESC# LAB4C1 Easy-MCA-2k SN 20066403
#AP# Maestro Version 7.01
#$DATE_MEA:
#11/17/2022 15:18:46
#$MEAS_TIM:
#2220 2230
#$DATA:
#0 2047
       0
       0
       3
       2
       0
       1
       0
       1
       0
      19
     941
     718
     776
     771
     873
     869
     759
     860
     832
     806
     911
     844
     855
     853
     827
     815
     903
     887
     855
     922
     888
     937
     875
     929
     924
     965
    1015
     948
    1001
    1017
    1036
    1022
    1043
    1092
     984
    1029
     999
    1063
    1017
    1089
    1019
    1081
    1008
    1074
    1090
    1067
    1109
    1103
    1092
    1102
    1087
    1149
    1139
    1138
    1112
    1139
    1213
    1215
    1201
    1151
    1265
    1238
    1305
    1295
    1297
    1335
    1323
    1290
    1416
    1366
    1362
    1410
    1455
    1504
    1434
    1580
    1566
    1588
    1615
    1631
    1687
    1723
    1664
    1809
    1718
    1761
    1814
    1915
    1945
    1939
    1896
    1944
    2037
    1920
    1991
    2040
    2149
    2218
    2202
    2256
    2241
    2221
    2243
    2285
    2110
    2210
    2114
    2215
    2132
    2118
    2163
    2133
    2204
    2098
    2089
    2076
    2036
    2127
    2142
    2107
    2057
    2110
    2128
    2073
    2101
    1977
    2127
    2100
    2086
    2010
    2067
    1997
    1990
    2066
    2099
    2050
    2136
    2030
    2059
    2022
    2057
    2071
    1937
    2026
    2034
    2075
    1955
    2144
    2042
    2011
    2122
    1993
    2015
    2111
    2038
    1972
    2005
    2007
    2082
    2005
    2004
    1995
    2025
    2031
    2067
    2013
    2048
    2036
    2047
    2041
    2007
    2012
    1972
    1940
    2046
    1975
    2074
    2032
    1973
    2064
    2050
    2020
    2001
    1954
    1949
    1959
    2020
    1873
    1940
    1981
    1942
    2018
    1944
    1976
    1892
    1885
    1984
    1960
    1914
    1904
    1874
    1851
    1884
    1862
    1898
    1883
    1843
    1888
    1874
    1820
    1892
    1810
    1791
    1788
    1810
    1874
    1847
    1779
    1836
    1814
    1838
    1748
    1790
    1749
    1752
    1677
    1870
    1758
    1787
    1779
    1754
    1715
    1750
    1751
    1746
    1802
    1757
    1753
    1770
    1752
    1747
    1785
    1741
    1807
    1748
    1712
    1747
    1691
    1801
    1782
    1697
    1705
    1725
    1746
    1874
    1769
    1716
    1766
    1813
    1791
    1737
    1918
    1851
    1829
    1887
    1863
    1836
    1915
    1918
    1938
    1940
    2008
    2042
    1991
    2052
    1899
    2027
    2059
    2080
    2078
    2040
    2141
    2048
    2194
    2124
    2047
    2112
    2086
    2139
    2158
    2099
    2089
    2184
    2200
    2103
    2040
    2164
    2046
    2132
    2082
    2030
    2154
    2077
    2010
    2092
    2083
    1966
    2004
    1996
    2014
    2011
    1859
    1948
    1871
    1812
    1876
    1869
    1797
    1817
    1853
    1867
    1850
    1853
    1737
    1728
    1783
    1726
    1728
    1721
    1687
    1637
    1676
    1697
    1655
    1619
    1700
    1686
    1572
    1624
    1618
    1532
    1551
    1563
    1508
    1474
    1580
    1546
    1477
    1500
    1523
    1563
    1506
    1522
    1469
    1427
    1474
    1408
    1451
    1415
    1357
    1329
    1408
    1412
    1415
    1343
    1261
    1309
    1359
    1351
    1287
    1324
    1256
    1326
    1222
    1327
    1205
    1196
    1224
    1285
    1242
    1297
    1212
    1269
    1264
    1223
    1194
    1218
    1254
    1292
    1086
    1195
    1132
    1116
    1159
    1145
    1169
    1155
    1155
    1143
    1148
    1148
    1141
    1121
    1103
    1134
    1034
    1058
    1093
    1062
    1077
    1101
    1049
    1044
    1101
    1054
    1093
    1081
    1027
    1000
    1008
    1024
     967
    1063
     998
     994
    1028
     981
    1001
     988
     941
     976
     949
     991
     976
     979
     963
     953
     937
     933
    1002
     996
     953
     884
     949
     946
     966
     894
     982
     960
     977
     955
     891
     917
     918
     922
     869
     871
     869
     876
     931
     913
     911
     811
     902
     901
     826
     933
     877
     848
     824
     898
     864
     820
     868
     820
     783
     828
     798
     805
     805
     811
     805
     836
     807
     789
     793
     805
     775
     811
     801
     797
     774
     803
     792
     772
     724
     772
     816
     785
     814
     798
     718
     754
     738
     751
     821
     738
     737
     738
     763
     774
     784
     762
     782
     783
     790
     755
     717
     726
     726
     763
     715
     713
     753
     699
     737
     715
     745
     713
     778
     748
     723
     714
     777
     685
     718
     740
     705
     664
     707
     724
     725
     731
     744
     673
     699
     738
     764
     692
     699
     712
     693
     688
     704
     698
     681
     703
     717
     709
     745
     690
     664
     709
     680
     700
     690
     674
     707
     685
     680
     669
     689
     717
     735
     617
     676
     677
     708
     675
     650
     689
     683
     719
     609
     656
     671
     654
     656
     660
     630
     660
     732
     693
     669
     717
     664
     657
     659
     625
     623
     696
     651
     666
     640
     658
     676
     659
     678
     638
     682
     655
     679
     692
     619
     666
     644
     645
     621
     612
     670
     638
     642
     617
     656
     674
     660
     611
     679
     624
     623
     609
     659
     658
     634
     637
     599
     677
     629
     663
     650
     620
     647
     651
     633
     640
     641
     679
     633
     689
     642
     664
     616
     649
     676
     625
     609
     630
     610
     623
     666
     618
     649
     641
     599
     623
     626
     637
     609
     647
     665
     696
     650
     684
     621
     626
     602
     631
     614
     625
     608
     607
     629
     647
     591
     632
     610
     648
     632
     611
     629
     626
     612
     675
     621
     620
     685
     631
     596
     638
     630
     599
     631
     602
     620
     628
     617
     601
     624
     615
     627
     604
     606
     642
     696
     687
     618
     606
     624
     629
     617
     644
     606
     566
     594
     566
     590
     633
     672
     613
     610
     569
     616
     633
     615
     592
     622
     570
     615
     600
     643
     597
     633
     630
     615
     558
     591
     636
     654
     572
     639
     625
     598
     626
     584
     640
     613
     592
     606
     616
     635
     647
     632
     636
     615
     583
     633
     583
     631
     621
     575
     575
     653
     582
     616
     628
     615
     599
     602
     598
     611
     656
     576
     586
     636
     621
     604
     604
     685
     611
     598
     592
     599
     629
     598
     574
     650
     567
     600
     591
     590
     641
     617
     643
     631
     590
     575
     582
     604
     614
     582
     587
     614
     617
     610
     560
     576
     625
     594
     633
     603
     574
     598
     619
     574
     639
     557
     604
     633
     611
     578
     599
     609
     607
     579
     602
     610
     588
     646
     579
     593
     626
     663
     584
     623
     658
     602
     582
     615
     560
     637
     589
     593
     623
     613
     647
     608
     608
     613
     549
     605
     596
     597
     624
     586
     619
     578
     601
     640
     622
     644
     616
     600
     578
     605
     588
     623
     583
     654
     575
     610
     610
     648
     580
     585
     610
     585
     585
     602
     608
     582
     616
     562
     601
     586
     646
     625
     604
     584
     569
     612
     609
     591
     653
     575
     603
     636
     577
     612
     597
     614
     644
     611
     601
     594
     597
     626
     620
     582
     652
     599
     623
     580
     616
     652
     643
     630
     622
     563
     603
     590
     606
     630
     577
     648
     629
     551
     614
     628
     627
     577
     602
     592
     653
     591
     626
     598
     685
     614
     629
     601
     593
     627
     629
     625
     649
     643
     622
     645
     632
     627
     633
     649
     640
     613
     624
     677
     621
     692
     634
     636
     638
     636
     631
     623
     636
     646
     664
     655
     633
     624
     658
     637
     638
     618
     613
     597
     639
     626
     662
     657
     649
     634
     649
     630
     663
     629
     633
     663
     685
     698
     658
     672
     632
     614
     626
     664
     680
     649
     663
     667
     618
     639
     633
     661
     656
     645
     662
     652
     622
     696
     653
     709
     625
     641
     671
     607
     683
     603
     653
     654
     678
     687
     669
     667
     672
     664
     687
     685
     655
     640
     671
     677
     704
     692
     635
     648
     652
     643
     651
     673
     663
     710
     696
     668
     725
     666
     677
     703
     661
     734
     629
     701
     667
     684
     655
     696
     697
     663
     732
     670
     707
     656
     692
     697
     679
     691
     685
     684
     697
     715
     677
     688
     709
     727
     717
     691
     708
     695
     744
     696
     660
     699
     643
     715
     725
     690
     685
     721
     692
     661
     683
     720
     683
     699
     692
     693
     703
     696
     712
     685
     671
     691
     688
     635
     653
     699
     770
     712
     696
     744
     694
     685
     702
     675
     742
     738
     733
     770
     719
     677
     705
     657
     688
     663
     691
     698
     682
     701
     688
     684
     667
     687
     684
     685
     678
     658
     697
     690
     748
     699
     672
     638
     678
     669
     618
     698
     686
     640
     698
     634
     634
     667
     648
     659
     676
     647
     645
     686
     644
     640
     612
     645
     639
     625
     663
     649
     621
     638
     643
     582
     605
     619
     572
     574
     562
     556
     558
     617
     563
     558
     578
     627
     579
     564
     524
     532
     545
     565
     531
     563
     574
     513
     554
     563
     527
     501
     482
     513
     516
     498
     496
     524
     546
     501
     533
     496
     500
     479
     511
     496
     472
     491
     498
     469
     452
     509
     524
     496
     466
     474
     513
     475
     473
     508
     478
     438
     446
     474
     464
     439
     472
     491
     472
     464
     479
     464
     435
     417
     450
     494
     441
     451
     436
     416
     432
     463
     464
     483
     473
     495
     435
     454
     455
     427
     428
     438
     450
     455
     463
     455
     399
     447
     418
     423
     418
     457
     420
     454
     425
     435
     462
     436
     385
     425
     406
     430
     445
     482
     398
     447
     434
     437
     450
     442
     401
     434
     440
     442
     397
     404
     421
     448
     412
     409
     419
     417
     401
     401
     411
     451
     399
     372
     437
     451
     422
     421
     422
     433
     426
     449
     431
     444
     401
     453
     428
     433
     398
     441
     404
     444
     393
     416
     407
     378
     397
     375
     407
     392
     404
     410
     405
     393
     384
     402
     426
     362
     389
     394
     392
     423
     387
     413
     403
     436
     386
     389
     381
     401
     392
     390
     400
     387
     430
     428
     410
     465
     411
     432
     446
     439
     476
     433
     448
     459
     458
     441
     459
     479
     497
     476
     484
     469
     523
     518
     513
     537
     553
     548
     568
     581
     605
     618
     625
     633
     612
     664
     665
     671
     695
     771
     731
     763
     785
     813
     809
     799
     779
     852
     856
     862
     966
     951
     990
    1033
    1009
     998
    1077
    1082
    1108
    1153
    1138
    1143
    1259
    1187
    1222
    1196
    1284
    1205
    1265
    1248
    1342
    1297
    1373
    1385
    1440
    1410
    1477
    1508
    1531
    1524
    1482
    1536
    1497
    1521
    1508
    1551
    1587
    1561
    1611
    1566
    1549
    1532
    1522
    1570
    1555
    1476
    1590
    1581
    1546
    1535
    1446
    1527
    1546
    1471
    1439
    1433
    1425
    1419
    1390
    1350
    1370
    1405
    1384
    1333
    1300
    1278
    1256
    1238
    1192
    1174
    1182
    1142
    1179
    1129
    1015
    1026
     982
     943
     978
     935
     907
     903
     850
     841
     838
     779
     778
     780
     754
     696
     719
     646
     672
     612
     576
     556
     579
     529
     538
     518
     437
     479
     444
     454
     403
     393
     431
     390
     398
     349
     327
     347
     303
     286
     297
     285
     296
     252
     267
     254
     256
     246
     232
     229
     220
     205
     237
     218
     212
     177
     192
     189
     181
     192
     194
     205
     185
     194
     170
     179
     177
     190
     180
     188
     188
     182
     190
     209
     190
     191
     211
     193
     236
     241
     218
     230
     259
     244
     272
     239
     266
     291
     316
     319
     322
     309
     330
     373
     371
     385
     356
     396
     392
     414
     432
     447
     528
     489
     449
     525
     510
     531
     568
     556
     622
     603
     609
     611
     673
     625
     718
     677
     690
     730
     799
     750
     750
     834
     804
     844
     855
     893
     858
     862
     911
     919
     920
    1003
     985
     991
     972
    1036
    1087
    1057
    1070
    1095
    1077
    1084
    1121
    1143
    1120
    1164
    1181
    1130
    1208
    1144
    1166
    1161
    1160
    1160
    1275
    1199
    1183
    1204
    1207
    1170
    1216
    1204
    1171
    1155
    1157
    1160
    1177
    1200
    1155
    1078
    1184
    1136
    1117
    1145
    1124
    1046
    1067
    1071
    1054
     997
     976
     977
     954
     923
     972
     917
     898
     952
     872
     885
     867
     876
     860
     816
     808
     763
     740
     710
     712
     637
     670
     632
     656
     563
     579
     597
     538
     536
     538
     502
     496
     453
     460
     433
     433
     435
     438
     369
     375
     358
     364
     315
     311
     282
     313
     280
     269
     289
     248
     235
     224
     234
     203
     242
     213
     206
     195
     173
     157
     150
     168
     140
     134
     149
     129
     143
     127
     144
     105
     112
      89
     106
      93
     101
     111
      87
      97
      81
      82
      77
      74
      75
      72
      65
      74
      56
      72
      65
      67
      63
      60
      60
      51
      42
      61
      61
      56
      54
      68
      62
      43
      37
      48
      48
      52
      54
      47
      36
      41
      45
      40
      44
      55
      43
      51
      47
      54
      48
      45
      61
      43
      45
      51
      47
      56
      44
      47
      43
      41
      44
      38
      42
      61
      41
      51
      36
      53
      38
      49
      40
      56
      36
      42
      35
      43
      35
      54
      44
      38
      45
      53
      36
      48
      33
      40
      30
      43
      42
      46
      47
      31
      38
      36
      36
      34
      28
      41
      41
      44
      31
      30
      34
      32
      33
      32
      38
      29
      43
      33
      27
      37
      33
      28
      28
      37
      31
      32
      29
      29
      21
      36
      29
      21
      25
      32
      22
      27
      25
      22
      25
      21
      29
      33
      34
      25
      28
      32
      37
      31
      22
      24
      28
      25
      26
      26
      25
      26
      29
      18
      17
      28
      30
      27
      31
      27
      21
      23
      22
      31
      24
      23
      25
      21
      22
      18
      28
      23
      18
      21
      25
      16
      26
      22
      26
      22
      20
      23
      26
      11
      23
      20
      20
      22
      24
      18
      15
      11
      18
      18
      21
      22
      23
      26
      15
      17
      28
      23
      16
      18
      22
      15
      19
      21
      22
      13
      17
      26
      25
      20
      22
      25
      21
      20
      26
      21
      24
      20
      10
      22
      23
      17
      17
      18
       1
       0
       0
       0
       0
       0
       0
       0
       1
       0
       0
       1
       0
       0
       0
       0
       0
       0
       0
       1
       0
       0
       0
       0
       0
       0
       0
       0
       0
       0
       0
       0
       0
       0
       0
       0
       0
       0
       0
       0
       0
       0
       0
       0
       0
       0
       0
       0
       0
       0
       0
       0
       0
       0
       0
       0
       0
       0
       0
       0
       0
       0
       0
       0
       0
       0
       0
       0
       0
       0
       0
       0
       0
       0
       0
       0
       0
       0
       0
#$ROI:
#1
#1569 1762
#$PRESETS:
#None
#0
#0
#$ENER_FIT:
#0.000000 0.000000
#$MCA_CAL:
#3
#0.000000E+000 0.000000E+000 0.000000E+000 
#$SHAPE_CAL:
#3
#0.000000E+000 0.000000E+000 0.000000E+000
