$SPEC_ID:
No sample description was entered.
$SPEC_REM:
DET# 1
DETDESC# LAB4C1 Easy-MCA-2k SN 20066403
AP# Maestro Version 7.01
$DATE_MEA:
11/17/2022 17:25:28
$MEAS_TIM:
710 711
$DATA:
0 2047
       0
       0
       0
       0
       0
       0
       0
       0
       0
       0
      41
      29
      34
      37
      51
      48
      35
      46
      44
      46
      29
      44
      38
      40
      42
      45
      54
      53
      52
      44
      49
      57
      53
      47
      61
      52
      58
      44
      73
      68
      69
      61
      68
      71
      72
      80
      78
      77
      80
      69
      64
      93
      78
      78
      76
      95
      77
      85
      86
      96
      77
      86
      75
      85
     112
      96
     100
     108
     116
     114
     119
     110
     127
     122
     112
     143
     103
     143
     116
     146
     178
     164
     142
     154
     180
     196
     178
     175
     175
     183
     222
     212
     217
     202
     202
     237
     226
     226
     237
     260
     289
     271
     288
     287
     313
     314
     312
     307
     327
     317
     311
     333
     346
     294
     325
     314
     344
     303
     282
     280
     306
     293
     281
     310
     269
     328
     307
     327
     301
     304
     261
     312
     256
     311
     264
     312
     261
     252
     293
     286
     258
     281
     256
     248
     243
     266
     270
     259
     280
     245
     265
     318
     266
     282
     275
     262
     282
     244
     242
     234
     272
     221
     275
     251
     214
     230
     267
     260
     252
     209
     220
     243
     242
     238
     229
     245
     252
     224
     269
     235
     222
     217
     230
     229
     208
     220
     224
     224
     215
     212
     186
     232
     209
     233
     204
     213
     220
     220
     215
     227
     196
     207
     207
     230
     202
     189
     204
     201
     220
     192
     202
     164
     204
     197
     180
     173
     204
     167
     174
     194
     168
     196
     175
     219
     200
     202
     168
     152
     174
     147
     184
     173
     168
     188
     184
     166
     174
     159
     183
     150
     182
     166
     169
     188
     175
     166
     161
     163
     162
     179
     175
     187
     176
     194
     162
     159
     147
     174
     158
     152
     147
     143
     145
     134
     142
     142
     150
     119
     129
     133
     119
     131
     131
     127
     121
     145
     127
     121
     113
     129
     103
     127
     103
     119
     100
     120
     122
      98
      96
     106
     122
     132
     122
     121
     104
     119
      88
     106
     105
     109
     129
      95
     129
     120
      82
      85
     109
     119
     106
     114
      97
     108
     116
     105
      91
     103
      98
      97
     108
      97
      96
      85
     105
      94
     106
      91
     113
      80
      84
      92
      81
      73
      74
      76
      85
      96
      64
      74
      72
      75
      67
      99
      81
      59
      67
      81
      70
      70
      71
      64
      80
      72
      47
      75
      59
      62
      68
      78
      72
      75
      67
      63
      56
      61
      60
      63
      64
      65
      49
      58
      61
      59
      63
      65
      56
      74
      49
      64
      54
      56
      48
      58
      48
      53
      62
      54
      58
      54
      59
      60
      53
      63
      53
      59
      51
      59
      53
      57
      51
      53
      45
      56
      56
      48
      38
      39
      42
      45
      42
      41
      45
      43
      58
      50
      41
      63
      45
      59
      39
      44
      43
      46
      50
      47
      46
      42
      37
      51
      44
      42
      43
      43
      39
      48
      54
      41
      36
      38
      46
      50
      38
      42
      39
      50
      32
      41
      42
      43
      42
      48
      41
      47
      52
      50
      46
      44
      42
      35
      32
      37
      32
      39
      44
      38
      48
      46
      25
      27
      29
      39
      44
      39
      45
      43
      28
      34
      31
      24
      31
      40
      22
      41
      30
      26
      27
      26
      28
      31
      23
      32
      23
      30
      20
      17
      29
      23
      35
      22
      27
      23
      20
      23
      20
      30
      32
      23
      21
      33
      24
      37
      24
      28
      25
      21
      24
      23
      17
      30
      22
      26
      26
      23
      36
      27
      15
      20
      19
      32
      28
      15
      31
      21
      25
      20
      25
      30
      11
      23
      19
      14
      18
      30
      27
      22
      31
      20
      23
      19
      24
      25
      22
      18
      22
      19
      22
      23
      21
      22
      20
      28
      28
      17
      24
      24
      16
      23
      17
      23
      15
      19
      20
      17
      22
      27
      28
      20
      24
      23
      18
      15
      16
      16
      17
      19
      17
      23
      12
      15
      21
      13
      16
      13
      14
      27
      27
      24
      13
      21
      12
      15
      24
      24
      19
      19
      26
      22
      15
      11
      19
      17
      21
      20
      13
      26
      22
      17
       8
      17
      23
      19
      17
      16
      19
      24
      17
      17
      17
      14
      19
      13
      12
      12
      20
      20
      13
      14
      27
      16
      14
      19
      21
      19
      17
      24
      19
      23
      12
      19
      12
      21
      17
      22
      24
      11
      25
      13
      19
      13
      15
      23
      18
      18
      20
      11
      15
      10
      19
      12
       6
      13
      10
      19
      12
      13
      21
      18
      18
      22
      11
      19
      14
      11
      17
      16
       8
       9
      11
      14
      13
      20
      17
      17
      17
      19
      15
      20
      10
      19
      14
      13
      17
      16
      13
       9
       9
      12
       8
       8
      14
      19
      11
      23
      13
      14
      13
      12
      22
      14
      24
      16
       9
      11
      14
      22
      14
      14
      17
      20
      21
      10
      22
      14
      17
      20
      17
      25
      14
      13
      25
      11
      10
      18
      13
      21
      10
      21
      15
      20
      13
      26
      18
      18
      18
      17
      13
      15
      25
      14
      20
      17
      21
      15
      18
      18
      16
      19
      12
      16
      19
      13
      12
      18
      17
      21
      17
      17
       9
      13
      17
      11
      16
      17
      21
      21
      22
      11
      17
      12
      17
      15
      24
      18
      21
      20
      19
      21
      15
       7
      15
      20
      13
      19
      17
      17
      15
      20
      11
      23
      15
      14
      20
      11
      12
      16
      22
      14
      16
      16
      12
      20
      11
       9
      20
      21
      17
      22
      28
      21
      27
      21
      26
      22
      18
      24
      28
      27
      18
      20
      21
      24
      21
      20
      20
      21
      23
      28
      23
      19
      17
      19
      17
      27
      23
      14
      25
      19
      24
      24
      32
      20
      17
      21
      16
      13
      15
      20
      28
      24
      10
      11
      20
      11
       7
       8
      17
      13
      16
       9
      12
      11
      11
      13
       8
      22
       6
       7
      12
      14
      10
      12
       9
       9
       7
      11
      11
       2
       4
       5
       6
      11
      11
       7
       8
      13
       8
       8
       8
       9
       9
       8
       7
      10
       7
       6
       8
      11
       9
       8
      10
       4
      10
       8
       8
       6
       7
       6
       4
       5
       5
       5
       3
       3
      13
       7
       5
       5
       3
      12
      16
       8
       7
       5
       9
       7
       4
       6
       7
      10
       9
       8
       3
       4
       5
      12
       6
       5
       7
       9
      11
       7
      10
       7
       6
       5
       2
       5
       9
       4
       7
       6
       6
      10
       9
       3
      10
      12
       4
       7
      11
       9
       4
       2
       6
       6
       7
       9
       7
       2
       5
       4
       5
       9
       1
       4
       4
       5
       2
       5
       6
       9
       8
       4
       4
       3
       8
       3
       3
      10
       7
       6
       6
       9
       8
       6
       5
       6
       6
       9
       3
       5
       3
       8
       7
      11
       1
       7
       9
       7
       8
       8
       3
       7
       5
       5
       4
       4
       5
      10
       4
       6
       6
       5
       6
       5
      10
       8
       8
      10
       4
       2
       3
       8
       2
       5
       7
       6
       7
      11
       5
       6
       3
       6
       5
       6
       4
       7
       8
       5
       6
       3
       7
       4
       1
       3
       7
       6
       2
       5
       8
       4
       3
       8
       9
       5
       6
       7
       6
       4
       3
       8
       3
       1
       3
       4
       6
       8
       5
       7
       5
       7
       5
       3
       4
       8
       6
       7
       3
       7
       4
       3
       7
       8
       5
       3
       3
       5
       6
       9
       9
       3
       5
       3
       6
       7
      10
       5
       5
       5
       5
       3
       6
       5
       9
       6
       8
       6
       3
       5
       3
       6
       3
       5
       5
       3
       7
       6
       6
       8
       7
       6
       5
       7
       8
       8
       7
       2
       2
       7
       5
       7
       6
       4
       6
       6
      11
       9
       3
       7
       7
       6
       5
       5
       3
       3
       8
       5
       7
       5
       8
       4
       9
      10
       4
       7
       7
       9
       4
       7
       7
       5
       9
       6
       8
       6
       8
       4
       6
       5
       7
       4
       6
       4
       7
       5
       6
       6
       3
       4
       9
       4
       2
       7
       5
       9
       8
       7
       5
       4
       6
       7
       4
       8
       7
       8
       6
       5
       5
       7
       5
      11
       5
       4
       1
       6
       4
       3
       5
       6
       2
       5
       3
       5
       3
       1
       9
       3
       3
       4
      10
       5
       3
       4
       4
       4
       1
       5
       4
       4
       2
       6
       7
       6
       7
       5
       1
       6
       6
       6
       6
       4
       1
       4
       2
       7
       1
       6
       1
       6
       7
       4
       0
       1
       2
       4
       1
       5
       4
       8
       5
       1
       3
       5
       5
       2
       2
       3
       5
       6
       5
       7
       4
       5
       6
       9
       4
       6
       3
       3
       9
       3
       5
       2
       5
       5
       5
       2
       2
       2
       7
       3
       5
       5
       6
       4
       3
       6
       5
       6
       8
       7
       4
       3
       3
       5
       1
       5
       2
       1
       6
       2
       5
       6
       4
       1
       2
       5
       4
       4
      10
       5
       3
       2
       2
       8
       2
       5
       5
       6
       5
       6
       2
       6
       6
       1
       6
       6
       7
       6
       7
       8
       3
       4
       8
       5
      10
       7
       3
       4
       2
       2
       5
       0
       4
       6
       3
       9
       4
       4
       7
       3
       1
       5
       2
       2
       3
       5
       2
       6
       9
       3
       8
       6
       3
       8
       3
       3
       7
       5
       3
       0
       2
       1
       5
       3
       6
       6
       6
       6
       2
       6
       9
       1
       4
       4
       4
       4
       4
       6
       3
       6
       8
       8
       3
       3
       3
       3
       5
       3
       2
       7
       5
       5
       4
       7
       2
       3
       1
       3
       2
       4
       2
       4
       3
       5
       3
       2
       9
       6
       8
       2
       0
       7
       5
       2
       2
       4
       2
       0
       1
       4
       4
       5
       4
       6
       4
       3
       5
       1
       2
       7
       0
       3
       2
       5
       6
       1
       0
       2
       4
       4
       4
       8
       4
       5
       1
       4
       1
       4
       3
       2
       4
       2
       0
       2
       6
       2
       3
       6
       4
       6
       3
       4
       6
       1
       5
       4
       3
       4
       3
       1
       1
       2
       5
       3
       2
       1
       2
       5
       3
       6
       0
       4
       0
       5
       3
       2
       7
       2
       2
       5
       3
       2
       3
       1
       3
       3
       6
       3
       0
       3
       1
       4
       5
       4
       2
       3
       2
       4
       1
       5
       2
       1
       2
       1
       2
       4
       1
       1
       3
       5
       2
       2
       2
       3
       8
       3
       0
       2
       1
       3
       2
       1
       1
       2
       0
       3
       1
       1
       1
       1
       1
       1
       3
       5
       2
       1
       2
       1
       3
       0
       3
       6
       3
       3
       6
       1
       1
       3
       3
       1
       0
       1
       2
       1
       2
       1
       1
       5
       2
       2
       1
       0
       0
       2
       1
       2
       0
       2
       1
       1
       4
       2
       1
       3
       2
       0
       3
       1
       3
       0
       3
       2
       3
       1
       3
       3
       3
       2
       0
       2
       1
       1
       2
       0
       1
       1
       2
       1
       2
       0
       1
       2
       1
       4
       2
       1
       2
       2
       1
       1
       3
       3
       2
       3
       4
       2
       3
       2
       1
       3
       0
       4
       1
       4
       3
       3
       1
       2
       0
       2
       1
       5
       3
       2
       0
       3
       2
       4
       2
       6
       6
       5
       3
       1
       1
       2
       0
       1
       1
       3
       3
       4
       0
       2
       3
       5
       1
       1
       2
       2
       1
       5
       4
       3
       3
       3
       7
       6
       6
       1
       1
       3
       6
       4
       2
       2
       6
       3
       7
       7
       2
       4
       4
       3
       5
       4
       3
       5
       7
       7
       6
       5
       4
       3
       8
       4
       3
       6
       3
       5
       6
       8
       2
       7
       7
       8
       8
       2
      11
       5
       5
       7
       5
       4
       7
       7
       7
       7
       2
       6
       9
       5
       4
       5
      13
       4
       7
      10
       5
       6
       7
       7
       9
       5
       8
      11
       5
       2
       4
      10
       7
       6
       6
       4
       5
      11
       7
       8
       8
       3
       8
       9
       8
       5
       6
      11
       3
       2
       6
       7
       6
       5
       5
       3
       3
       7
       2
       7
       4
       6
       5
       7
       4
       1
       0
       3
       2
       4
       1
       2
       2
       5
       7
       3
       5
       5
       3
       2
       2
       5
       4
       0
       1
       2
       7
       5
       2
       2
       1
       3
       2
       0
       1
       0
       1
       3
       2
       1
       3
       2
       1
       2
       2
       1
       2
       5
       3
       3
       2
       2
       2
       1
       3
       0
       2
       4
       0
       1
       1
       2
       1
       1
       0
       2
       2
       4
       4
       2
       2
       1
       2
       2
       0
       1
       1
       1
       3
       0
       0
       2
       1
       0
       0
       1
       0
       0
       0
       1
       0
       1
       1
       0
       1
       0
       2
       2
       0
       1
       2
       2
       1
       1
       1
       1
       0
       1
       2
       1
       0
       0
       3
       0
       0
       1
       0
       1
       1
       0
       2
       1
       1
       1
       2
       5
       1
       0
       0
       0
       0
       0
       1
       1
       0
       1
       1
       0
       2
       0
       1
       0
       0
       0
       0
       0
       0
       0
       0
       0
       0
       0
       0
       0
       0
       0
       0
       0
       0
       0
       0
       0
       0
       0
       0
       0
       0
       0
       0
       0
       0
       0
       0
       0
       0
       0
       0
       0
       0
       0
       0
       0
       0
       0
       0
       0
       0
       0
       0
       0
       0
       0
       0
       0
       0
       0
       0
       0
       0
       0
       0
       0
       0
       0
       0
       0
       0
       0
       0
       0
       0
       0
       0
       0
       0
       0
       0
       0
       0
       0
$ROI:
1
771 896
$PRESETS:
Live Time
710
0
$ENER_FIT:
0.000000 0.000000
$MCA_CAL:
3
0.000000E+000 0.000000E+000 0.000000E+000 
$SHAPE_CAL:
3
0.000000E+000 0.000000E+000 0.000000E+000
