#$SPEC_ID:
#No sample description was entered.
#$SPEC_REM:
#DET# 1
#DETDESC# LAB4C1 Easy-MCA-2k SN 20066403
#AP# Maestro Version 7.01
#$DATE_MEA:
#11/17/2022 17:38:42
#$MEAS_TIM:
#710 710
#$DATA:
#0 2047
       0
       0
       0
       0
       0
       0
       0
       0
       0
       0
      37
      36
      44
      39
      40
      45
      30
      43
      49
      34
      40
      44
      49
      40
      44
      46
      46
      49
      61
      63
      51
      49
      44
      53
      63
      65
      51
      62
      64
      65
      72
      81
      69
      57
      69
      78
      62
      79
      99
      67
      77
      78
      79
      97
      71
      70
      64
      76
      84
      81
      79
     102
     104
      76
     103
      95
      84
      88
      74
     108
     108
     114
     133
      98
     108
     134
     131
     141
     137
     146
     144
     169
     149
     171
     186
     178
     177
     203
     190
     208
     151
     212
     229
     238
     202
     240
     206
     239
     224
     251
     264
     277
     251
     302
     303
     282
     310
     314
     287
     287
     298
     303
     319
     336
     306
     322
     317
     288
     286
     261
     294
     299
     296
     285
     296
     292
     326
     279
     305
     299
     262
     283
     288
     241
     289
     269
     281
     306
     266
     277
     258
     303
     272
     270
     261
     243
     249
     295
     288
     207
     271
     262
     263
     243
     258
     267
     273
     248
     250
     263
     236
     242
     261
     231
     217
     227
     241
     232
     237
     255
     234
     267
     264
     255
     235
     235
     264
     202
     218
     237
     224
     261
     243
     229
     239
     247
     231
     223
     212
     235
     224
     214
     229
     195
     194
     197
     190
     187
     192
     196
     206
     207
     202
     195
     197
     190
     210
     223
     169
     184
     186
     172
     179
     205
     202
     165
     189
     195
     194
     171
     169
     178
     180
     183
     127
     157
     176
     161
     199
     192
     176
     174
     162
     177
     178
     167
     180
     159
     161
     163
     205
     191
     173
     163
     149
     181
     165
     197
     165
     159
     158
     157
     176
     170
     148
     129
     154
     166
     151
     143
     144
     123
     151
     149
     129
     137
     133
     148
     140
     127
     126
     113
     122
     152
     126
     131
     139
     112
     132
     106
     137
     135
     126
     130
     107
     114
     133
      94
     117
     125
     114
     131
     110
     124
     107
      97
     103
      97
      98
     104
     133
     112
     110
     124
     109
      88
     104
     104
     110
     101
     107
     106
      88
     103
     104
      83
     104
     103
      97
     101
      96
      92
      85
      92
      91
      86
     104
      83
      85
      85
      86
      75
      88
      76
      77
      90
      79
      76
      69
      62
      70
      69
      73
      68
      77
      65
      65
      77
      63
      74
      66
      79
      80
      53
      69
      69
      71
      70
      56
      59
      79
      52
      64
      68
      76
      60
      56
      63
      64
      82
      60
      75
      68
      66
      65
      65
      53
      59
      62
      72
      65
      62
      61
      61
      66
      61
      56
      60
      58
      44
      57
      53
      54
      55
      51
      45
      59
      50
      56
      54
      44
      59
      38
      56
      47
      54
      43
      50
      43
      52
      52
      47
      44
      37
      32
      50
      43
      36
      36
      36
      51
      36
      49
      59
      37
      43
      45
      55
      47
      46
      38
      36
      44
      35
      58
      42
      52
      42
      47
      41
      36
      60
      37
      42
      55
      50
      40
      43
      64
      42
      40
      43
      46
      42
      41
      31
      40
      29
      47
      46
      40
      45
      44
      36
      42
      47
      28
      47
      35
      34
      30
      41
      44
      32
      44
      33
      18
      31
      34
      36
      30
      34
      28
      25
      28
      20
      26
      31
      29
      25
      33
      26
      30
      27
      30
      33
      26
      37
      24
      18
      26
      11
      22
      31
      26
      30
      21
      27
      23
      18
      29
      27
      26
      21
      18
      32
      20
      23
      23
      26
      21
      24
      28
      27
      24
      21
      28
      26
      20
      21
      22
      24
      27
      22
      25
      22
      28
      19
      30
      31
      28
      25
      20
      24
      24
      25
      24
      17
      25
      16
      16
      29
      21
      24
      11
      15
      15
      23
      28
      25
      20
      14
      18
      19
      19
      22
      20
      21
      22
      24
      25
      22
      14
      22
      18
      18
      21
      26
      22
      28
      24
      20
      15
      22
      18
      10
      25
      19
      28
      10
       7
      12
      18
      26
      30
      22
      19
      28
      12
      15
      22
      15
      14
      18
      21
      17
       9
      19
      15
      15
      13
      16
      20
      16
      17
      16
      20
      21
      11
       8
      18
      24
      18
      16
      15
      12
      12
      25
      18
      24
      23
      15
      10
      15
      15
      25
      25
      20
      20
      19
      17
      16
      14
      19
      15
      17
      20
      16
      18
      15
      14
      13
      10
      14
      16
      14
      19
      20
      14
      17
      25
      12
      21
      20
      11
      20
      13
      14
      15
      23
      11
      21
      11
      13
      21
      14
      13
      12
      13
      12
      12
      17
      13
      16
      17
      13
      13
      17
      11
      11
      14
      11
      15
      14
      14
      10
      13
      12
      11
      19
      14
      15
      15
      12
      12
      15
      18
      13
       5
      15
      11
       6
      14
      13
      22
      12
      11
      12
      14
      10
      17
      15
      19
      10
      22
      10
      18
      20
      11
      14
      15
      14
      15
      13
      16
      17
      15
      17
      18
      18
      21
      22
      15
      11
      15
      17
      16
      18
      16
      15
      17
      19
      29
      15
      19
      12
      12
      27
      20
      14
      22
      16
      19
      13
      19
      27
      16
      18
      13
      19
      14
      17
      17
      19
      19
       8
      16
      22
      23
      19
      12
      16
      16
      17
      24
      16
      14
      13
      12
      18
      10
      15
      14
      21
      15
      15
      18
      13
      24
      12
      18
      13
      29
      25
      16
      20
      27
      17
      12
      16
      18
      13
      19
      18
      14
      13
      21
      19
      19
      19
      25
      14
      15
      21
      20
      18
      18
      28
      30
      29
      25
      32
      28
      32
      28
      18
      20
      26
      30
      30
      27
      37
      23
      20
      27
      21
      20
      19
      26
      19
      18
      21
      23
      21
      24
      22
      25
      25
      17
      18
      11
      17
      15
      15
      22
      16
      20
      23
      17
      24
      11
      16
      15
      12
      16
       9
      13
      13
      13
      22
      15
      19
      14
      13
       6
      10
      14
      10
       7
       9
      14
       6
       8
      12
      12
      13
       8
      14
      10
      11
      12
      11
       7
      12
      10
       7
      11
      12
       4
       6
       8
       2
      11
       7
       8
       3
       9
      11
       5
       7
      13
       4
       8
       5
       6
       9
       9
       6
       7
       7
       8
       7
      12
       7
       8
      11
       5
       8
      11
       6
       8
       2
      13
       7
       9
       5
      10
       4
       4
       7
       8
       6
       8
       4
      10
       8
       8
       8
       8
       4
       6
       7
       6
       9
      11
       8
       3
       5
       7
       8
       6
       4
       9
       9
       9
       9
       3
       6
      10
       7
       7
       6
       6
       7
       6
       6
       5
       3
       5
       7
       7
      12
       7
       9
      12
       6
       9
       4
       4
       5
       4
       7
       6
      10
       9
       6
       3
       7
       4
       3
       6
       5
       8
      11
       9
       3
       6
       6
       2
       5
       3
       5
      11
       6
       2
       3
       4
       6
      11
       8
       8
       3
       5
       3
      10
       9
       8
       5
       4
       1
       3
       5
       4
       8
       3
       7
       3
       7
      10
       7
       6
       3
       7
       5
       7
       4
       6
       5
       8
       6
       7
       4
       8
       6
       7
       8
       9
       7
       6
       6
       6
       8
       9
       5
       8
      10
       7
       5
       3
       5
       1
       4
       8
       4
       7
      11
       8
       6
       6
       4
       2
       8
       6
       3
       4
       3
       5
       6
       5
      10
       6
       8
       8
       8
       7
       5
       4
       7
       3
       8
       5
      10
       4
       9
       7
       2
       7
       2
       4
       9
       4
       4
      11
       6
       2
       7
       7
       6
       5
       8
       5
       1
       8
       7
       4
      10
       3
       3
       3
       8
       8
       8
       9
       6
       5
      11
       8
       7
       7
       9
      10
       8
       9
       2
       5
       6
       7
       5
       9
       6
       5
       2
       5
       3
       4
       5
       4
       6
       5
       5
       9
       3
       1
       4
       9
       5
       9
       2
       2
       5
       7
       3
       5
       2
       7
       2
       7
       8
       2
      11
       8
      10
       9
       8
       4
       8
       9
       3
       6
       6
       8
       3
       7
       8
      10
       6
       7
       4
       7
       6
       6
       3
       5
       6
       4
       5
       4
       7
       4
       2
       5
       3
       7
       9
      14
       4
       4
       6
       6
       4
       5
       3
       7
       5
       7
       5
       4
       7
       5
       2
       4
       3
       1
       5
       4
       6
       5
       5
       7
       2
       4
       2
       6
       8
       3
       2
       6
       3
       1
       3
       2
       7
       9
       1
       6
       3
       4
       5
       3
       4
       8
       3
       0
       6
       6
       5
       4
       2
       7
       5
       2
       8
       3
       6
       4
       5
       4
       1
       5
       4
      10
       4
       6
       8
       7
       4
       6
       6
       1
       5
       4
       7
       2
       6
       4
       5
       7
       7
       1
       4
       3
       4
       1
       5
       4
       2
       8
       4
       7
       6
       1
       2
       5
       7
       7
       6
       5
       8
       1
       3
       5
       6
       8
       3
       4
       5
       6
       6
       5
       1
       2
       6
       1
       3
       4
       8
       3
       4
       9
       5
       4
       8
       5
       5
       5
       4
       5
       8
       1
       3
       5
       5
       8
       5
       3
       5
       5
       2
       6
       6
       5
       7
       4
       3
       5
       4
       5
       3
       3
       2
       5
       3
       4
       4
       4
       4
       3
       7
       6
       3
       7
       5
       2
       4
       4
       4
       6
       8
       5
       6
       1
       2
       5
       1
       3
       1
       6
       2
       3
       5
       8
      10
       5
       2
       4
       2
       7
       1
       3
       5
       5
       2
       4
       7
       3
       1
       2
       7
       6
       4
       4
       5
       5
       7
       1
       4
       4
       3
       4
       1
      10
       7
       3
       6
       4
       1
       5
       5
       4
       2
       1
       5
       2
       4
       4
       7
       4
       1
       3
       5
       3
       1
       5
       4
       7
       4
       4
       5
       5
       5
       2
       6
       5
       4
       3
       1
       2
       3
       6
       2
       4
       5
       2
       0
       3
       8
       3
       5
       1
       1
       5
       1
       2
       5
       4
       6
       1
       1
       3
       1
       4
       5
       4
       2
       6
       4
       3
       4
       4
       1
       3
       3
       5
       2
       2
       3
       1
       6
       4
       4
       2
       3
       2
       7
       4
       2
       4
       1
       6
       8
       7
       3
       3
       1
       4
       2
       7
       3
       3
       1
       1
       1
       2
       1
       1
       2
       3
       2
       1
       2
       2
       1
       1
       2
       1
       0
       2
       1
       2
       4
       3
       0
       0
       3
       2
       3
       1
       6
       1
       3
       3
       0
       3
       4
       2
       2
       1
       3
       1
       4
       1
       2
       1
       2
       1
       3
       4
       0
       3
       3
       0
       2
       2
       5
       4
       2
       2
       4
       1
       2
       2
       2
       1
       4
       6
       6
       4
       3
       1
       1
       1
       4
       1
       0
       0
       3
       2
       4
       2
       2
       1
       5
       2
       0
       1
       0
       1
       6
       2
       1
       4
       1
       0
       2
       0
       0
       3
       1
       4
       1
       1
       2
       4
       1
       0
       1
       2
       3
       2
       8
       3
       1
       0
       0
       1
       2
       3
       2
       3
       1
       2
       1
       2
       3
       2
       6
       0
       2
       2
       1
       3
       2
       4
       2
       2
       2
       3
       4
       1
       1
       2
       3
       3
       2
       1
       1
       2
       1
       0
       2
       5
       4
       1
       5
       3
       0
       5
       0
       1
       3
       1
       6
       1
       2
       3
       1
       2
       7
       3
       5
       3
       3
       4
       4
       4
       7
       2
       3
       2
       1
       4
       4
       3
       4
       3
       2
       4
       0
       3
       4
      10
       5
       4
       2
       1
       4
       5
       2
       3
       4
       5
       3
       2
       5
       4
       3
       5
       8
       2
       6
       0
       5
       7
       5
       6
       5
       7
       7
       6
       6
       6
       8
       5
       2
       5
       2
       2
       7
       4
       3
       9
      13
       5
       8
       2
      10
       9
       3
       5
       8
       8
      11
       6
       6
       3
       4
       7
       5
       9
       6
       4
       6
      10
       2
       6
       6
       7
       2
      10
       8
       6
       8
       8
       5
      12
       8
       0
       5
       7
       8
       5
       1
       6
       2
       8
       5
       4
       3
       3
       5
       3
       2
       5
       4
       3
       6
       4
       2
       8
       7
       6
       6
       3
       4
       4
       3
       4
       6
       1
       3
       2
       0
       3
       5
       2
       2
       5
       2
       5
       4
       3
       1
       4
       4
       2
       1
       5
       2
       1
       0
       2
       1
       1
       3
       5
       4
       2
       2
       2
       1
       6
       0
       3
       1
       3
       0
       0
       0
       2
       3
       1
       0
       2
       2
       1
       3
       3
       2
       2
       2
       0
       2
       1
       3
       3
       1
       3
       1
       2
       0
       3
       0
       2
       0
       1
       1
       2
       1
       0
       0
       1
       3
       0
       5
       0
       0
       0
       0
       1
       2
       0
       0
       2
       1
       1
       0
       0
       1
       2
       1
       2
       0
       1
       2
       3
       1
       0
       0
       2
       1
       4
       0
       2
       1
       0
       1
       0
       1
       2
       1
       1
       0
       1
       0
       2
       3
       0
       0
       1
       2
       0
       1
       0
       1
       1
       0
       0
       1
       0
       0
       0
       0
       0
       0
       0
       0
       0
       0
       0
       0
       0
       0
       0
       0
       0
       0
       0
       0
       0
       0
       0
       0
       0
       0
       0
       0
       0
       0
       0
       0
       0
       0
       0
       0
       0
       0
       0
       0
       0
       0
       0
       0
       0
       0
       0
       0
       0
       0
       0
       0
       0
       0
       0
       0
       0
       0
       0
       0
       0
       0
       0
       0
       0
       0
       0
       0
       0
       0
       0
       0
       0
       0
       0
       0
       0
       0
       0
       0
#$ROI:
#1
#771 896
#$PRESETS:
#Live Time
#710
#0
#$ENER_FIT:
#0.000000 0.000000
#$MCA_CAL:
#3
#0.000000E+000 0.000000E+000 0.000000E+000 
#$SHAPE_CAL:
#3
#0.000000E+000 0.000000E+000 0.000000E+000
