$SPEC_ID:
No sample description was entered.
$SPEC_REM:
DET# 1
DETDESC# LAB4C1 Easy-MCA-2k SN 20066403
AP# Maestro Version 7.01
$DATE_MEA:
11/17/2022 16:46:12
$MEAS_TIM:
1611 1614
$DATA:
0 2047
       0
       0
       2
       0
       0
       0
       0
       0
       0
       1
     348
     280
     336
     311
     323
     307
     269
     237
     286
     266
     270
     302
     270
     305
     295
     290
     294
     297
     300
     334
     325
     297
     333
     361
     366
     353
     381
     416
     425
     471
     536
     638
     628
     726
     808
     955
    1017
    1191
    1168
    1238
    1146
    1066
     914
     851
     762
     635
     662
     601
     551
     534
     498
     484
     474
     487
     489
     510
     483
     475
     527
     495
     529
     528
     569
     579
     601
     604
     597
     655
     620
     672
     676
     733
     709
     708
     712
     803
     822
     846
     795
     870
     860
     934
     889
     912
     931
     928
     927
     969
     992
    1039
    1028
    1082
    1028
    1161
    1097
    1132
    1156
    1102
    1168
    1203
    1147
    1167
    1206
    1186
    1202
    1197
    1228
    1136
    1248
    1161
    1184
    1233
    1184
    1150
    1191
    1272
    1141
    1111
    1239
    1175
    1163
    1173
    1184
    1244
    1134
    1140
    1156
    1132
    1135
    1123
    1136
    1126
    1204
    1117
    1199
    1175
    1196
    1112
    1167
    1115
    1159
    1154
    1123
    1160
    1152
    1169
    1147
    1092
    1097
    1135
    1218
    1095
    1113
    1102
    1067
    1196
    1099
    1132
    1125
    1121
    1156
    1103
    1109
    1095
    1103
    1101
    1084
    1055
    1080
    1085
    1114
    1090
    1068
    1065
    1008
     997
    1074
    1069
     996
    1091
    1008
    1050
    1046
    1062
    1028
    1029
    1027
    1008
    1031
    1036
     982
    1010
     906
    1066
     946
     916
     966
     924
     904
     927
    1005
     920
     930
     899
     888
     880
     936
     936
     902
     920
     902
     926
     879
     876
     916
     877
     897
     902
     871
     892
     862
     905
     901
     925
     852
     919
     863
     959
     959
     943
     941
     927
     938
     887
     908
     951
     994
     945
     930
     978
     929
     966
     986
     963
     948
     919
     910
     906
     892
     909
     915
     914
     902
     881
     891
     893
     906
     903
     885
     820
     882
     868
     856
     861
     842
     839
     854
     827
     793
     843
     812
     842
     779
     767
     808
     783
     778
     782
     775
     757
     765
     786
     762
     770
     724
     768
     796
     776
     745
     723
     710
     741
     700
     675
     715
     673
     713
     714
     718
     695
     686
     694
     685
     653
     691
     726
     697
     668
     686
     711
     647
     655
     675
     671
     639
     589
     613
     593
     602
     638
     605
     604
     561
     595
     618
     528
     593
     538
     546
     587
     536
     569
     525
     501
     566
     451
     503
     543
     496
     516
     554
     529
     509
     519
     511
     499
     467
     447
     490
     526
     481
     503
     436
     487
     505
     465
     451
     493
     487
     444
     493
     439
     445
     479
     433
     450
     474
     457
     471
     457
     458
     426
     450
     408
     394
     456
     411
     408
     377
     428
     419
     393
     448
     415
     437
     379
     394
     420
     366
     420
     392
     437
     381
     364
     363
     395
     361
     381
     361
     337
     374
     354
     343
     346
     337
     373
     348
     338
     321
     342
     373
     362
     361
     337
     305
     347
     331
     337
     334
     325
     342
     348
     365
     315
     328
     328
     328
     333
     350
     313
     338
     367
     341
     325
     314
     307
     342
     338
     330
     344
     336
     359
     313
     281
     312
     295
     342
     314
     284
     268
     303
     290
     326
     313
     303
     299
     269
     292
     306
     298
     280
     266
     275
     265
     247
     292
     273
     276
     277
     250
     286
     266
     283
     254
     226
     240
     279
     239
     234
     248
     279
     259
     255
     268
     261
     238
     277
     282
     260
     242
     222
     237
     232
     248
     230
     251
     241
     264
     225
     262
     253
     228
     252
     234
     231
     256
     234
     256
     233
     228
     281
     269
     243
     244
     258
     259
     249
     244
     232
     233
     213
     231
     202
     218
     242
     219
     218
     244
     258
     212
     234
     232
     254
     213
     234
     241
     216
     224
     210
     231
     234
     211
     225
     243
     262
     192
     202
     210
     218
     227
     230
     201
     222
     225
     210
     217
     189
     204
     196
     208
     211
     226
     208
     239
     230
     211
     195
     200
     200
     193
     199
     196
     202
     198
     179
     179
     177
     175
     162
     157
     184
     151
     204
     175
     136
     162
     160
     146
     172
     167
     159
     170
     139
     151
     130
     140
     128
     129
     152
     137
     141
     128
     144
     140
     103
     141
     122
     137
     104
     112
      88
     120
     125
     135
     134
     111
     112
     130
     115
     128
      99
     109
      98
     108
      76
     104
     109
     109
      94
     114
      97
      83
      93
      98
      91
     107
     105
      98
      94
      90
      80
     102
      88
      85
      82
      83
      86
      88
      84
      79
      71
      98
      93
      89
      94
      92
      92
      90
     102
      90
      82
      81
      81
      63
      76
      86
      84
      81
      80
      80
      73
      75
      78
      75
      76
      63
      72
      79
      62
      60
      64
      62
      73
      62
      67
      62
      78
      72
      90
      65
      72
      80
      67
      74
      74
      51
      70
      56
      63
      72
      68
      68
      65
      70
      71
      68
      68
      65
      81
      76
      70
      70
      87
      72
      72
      75
      74
      77
      85
      87
      87
      72
      81
      75
      76
      70
      79
      84
      77
      90
      68
      75
      69
      76
      75
      91
      84
      90
      90
      65
      98
      94
      97
      87
      88
      81
     102
     102
     102
     106
      83
      96
     104
     115
     103
     102
     116
     137
     111
     119
     131
     148
     130
     121
     123
     126
     192
     156
     173
     153
     172
     165
     202
     210
     224
     213
     240
     258
     280
     249
     290
     285
     305
     303
     332
     353
     364
     375
     368
     420
     442
     476
     487
     483
     544
     516
     558
     592
     604
     590
     638
     596
     644
     690
     714
     733
     752
     774
     784
     742
     827
     867
     877
     890
     920
     913
     894
     938
     953
     924
     905
     933
     963
     971
     988
     997
     985
     948
    1043
     975
     982
     951
     935
     945
     960
     933
     879
     849
     819
     884
     785
     862
     793
     784
     762
     728
     660
     699
     646
     617
     596
     595
     530
     501
     479
     462
     448
     433
     400
     373
     374
     394
     342
     313
     302
     281
     280
     284
     246
     224
     210
     195
     180
     193
     147
     173
     177
     124
     132
     120
      97
     107
      89
      97
      68
      81
      87
      62
      72
      70
      55
      44
      51
      47
      41
      36
      34
      32
      33
      36
      24
      29
      28
      31
      34
      32
      28
      33
      21
      23
      26
      27
      30
      27
      17
      19
      27
      23
      24
      17
      20
      20
      33
      26
      27
      17
      26
      18
      29
      24
      20
      21
      17
      21
      22
      28
      28
      26
      20
      30
      18
      24
      24
      29
      24
      18
      32
      28
      21
      23
      30
      23
      32
      22
      30
      26
      22
      23
      23
      22
      22
      18
      27
      14
      17
      28
      20
      28
      22
      21
      22
      24
      21
      18
      22
      16
      29
      20
      27
      23
      12
      19
      20
      14
      30
      17
      20
      16
      22
      21
      20
      19
      20
      12
      25
      23
      21
      16
      18
      11
      19
      15
      21
      21
      23
      19
      22
      10
      11
      17
      13
      23
      16
      10
      19
      23
      11
      16
      19
      22
      16
      17
      23
      15
      15
      18
      24
      19
      21
      26
      20
      17
      17
      11
      17
      19
      13
      22
      16
      17
      14
      18
      19
      20
      26
      10
      10
      12
      16
      21
      18
      17
      14
      11
      20
      24
      14
      13
      16
      15
      23
      19
      17
      20
      13
      26
      22
      15
      18
      13
      23
      22
      26
      12
      26
      11
      14
      15
      16
      12
      13
      29
      12
      16
      21
      16
       9
      16
      19
      17
      11
      23
      13
      18
      18
      17
      23
      15
      26
      23
      23
      13
      21
      19
      28
      17
      17
      15
      17
      19
      18
      20
      19
      17
      19
      20
      23
      21
      26
      19
      18
      24
      27
      13
      22
      17
      11
      20
      19
      26
      15
      16
      18
      20
      13
      17
      16
      16
      19
      13
      16
      18
      21
      16
      19
      20
      18
      22
      24
      28
      21
      16
      19
      19
      21
      13
      19
      26
      17
      17
      18
      13
      19
      16
      13
       8
      22
      21
      24
      19
      15
      19
      15
      18
      21
      32
      23
      21
      11
      22
      22
      18
      18
      15
      21
      23
      25
      13
      13
      12
      17
      12
      15
      13
      16
       9
       9
      23
      14
      13
      22
      28
      18
       6
      11
      19
      16
      16
      22
      20
      13
      14
      21
      14
      18
      16
      13
      15
      10
      19
      16
      21
      21
      12
      13
      19
      24
      11
      13
      10
      13
      12
      13
      14
      12
      18
       6
      13
      16
      10
      13
      21
      10
      10
       9
      14
      14
      13
      11
      15
      12
      22
      10
      17
      18
      14
      15
      11
      14
       9
      12
      21
      11
      11
      13
      17
      13
       7
       7
      19
      20
      16
      14
      19
      12
       8
      15
       7
       5
       9
      19
      15
      10
      12
      10
      11
       9
      13
      10
       7
      14
      12
      12
      11
      11
      19
      15
       3
      13
       6
      12
      17
      11
      11
       7
      16
      10
      12
      15
       8
       6
      14
      13
       9
      10
      12
       6
      14
      12
      16
       3
      13
      11
       7
      13
      16
      14
       7
      11
      12
      19
      15
      10
      10
      10
       8
      17
      13
       9
      13
      16
       8
      16
      13
      14
      15
      16
      16
      15
      16
      11
      16
      10
      21
      11
      17
      12
      17
      21
      15
      13
      15
      15
      18
      14
      16
      12
       9
      12
      20
      18
      11
       9
      11
      13
      10
      18
      13
      16
      13
      14
      14
      17
      16
      10
      13
      12
      15
      15
      19
      11
      18
      14
      19
      18
       9
      15
      10
      15
      12
      14
      11
      11
       8
      14
      21
      18
      13
      16
      13
      10
      12
      12
       7
      15
      14
      15
      14
      13
      16
       8
      14
      14
      12
      10
      10
      16
      10
      15
      12
      10
       6
      14
      10
      14
      10
      11
      17
      14
       6
       7
       8
      16
      15
      15
      10
      10
       8
      13
       9
       6
      10
       6
      14
       7
       8
       9
      10
      13
       9
       7
      16
      11
      17
      13
      10
       9
       6
       8
      11
       5
      13
      17
      12
      14
      17
      10
      13
       9
      10
      10
       6
      13
       9
       6
      10
      13
       7
       9
      11
       8
       8
      10
      11
      10
      11
      12
      13
       9
       7
       9
      10
       7
      11
       7
      10
       9
       5
       4
       9
       6
       4
       5
       9
       8
       8
       8
       7
       8
       7
       6
       6
       5
       6
      11
       7
       7
       9
       7
       8
      12
       7
      10
      11
       5
      10
       7
      10
       8
       7
       5
       9
      11
       9
       4
       7
       5
       2
      10
       6
       7
       7
      10
       9
       7
       6
       4
       4
       4
       8
       3
       6
       9
      11
       6
       5
       7
       3
       3
       7
       9
       0
       9
      10
       9
       6
       7
       6
       7
       6
       8
       9
       7
       6
       4
       7
       4
       8
       6
       6
       7
       6
       2
       8
       3
       6
       3
       6
       3
       3
       6
       4
       3
       2
       5
       4
       4
       6
       4
       3
       4
       7
       5
       7
       5
       3
       2
       6
       7
       6
       5
      11
       5
       1
       4
       5
       0
       4
       7
       0
       8
       7
       3
       4
       8
       3
       4
       3
       4
       8
       5
       5
       1
       4
       6
       9
       8
      10
       8
       9
       2
       8
       8
       8
       6
       4
       9
      10
       6
       2
       2
      12
       2
       4
       8
       8
       7
       3
      10
       9
       5
       4
       5
       5
       7
       5
       2
       8
       4
       8
       7
       4
       5
       5
       5
       7
       7
       9
      11
       3
       8
       1
       4
       4
      11
       9
      10
       5
       7
      11
       9
       7
      12
       3
       6
      11
      11
       5
       9
       8
       9
      10
      12
      10
      13
      15
      10
      14
      11
       5
       8
      13
      22
       8
      10
      13
      11
       7
      10
      16
      12
      12
      13
      16
       5
      18
      12
      15
      12
      16
      18
      17
      17
      17
      12
      19
      20
      13
      13
      18
      22
      10
      15
      14
      21
      14
      15
      19
      26
      25
      23
      19
      22
      17
      20
      22
      28
      15
      27
      17
      16
      11
      19
      14
      26
      23
      20
      21
      21
      21
      17
      12
      20
      23
      27
      19
      20
      15
      17
      21
      20
      18
      13
      14
      20
      15
      16
      15
      20
      12
      18
      14
      23
      20
      16
      13
      19
      15
      17
      22
      15
      12
      13
      14
      16
      10
      16
       8
       9
      13
      18
       9
      13
      15
      12
       8
       8
      11
      15
      14
      15
      14
       9
      11
      13
       6
       9
       8
       7
      14
      11
       9
       7
       6
      10
      10
       8
       7
       5
      13
      18
       8
       5
       8
       4
       3
       4
       4
       6
       3
       1
       9
       4
       8
       6
       2
       3
       4
       4
      10
      10
       5
       3
      13
       5
       2
       3
       5
       2
       2
       5
       5
       1
       5
       3
       3
       5
       2
       3
       3
       3
       6
       3
       4
       3
       6
       3
       6
       3
       6
       1
       4
       5
       1
       4
       4
       1
       4
       2
       8
       2
       6
       1
       5
       1
       5
       4
       4
       3
       3
       4
       5
       1
       3
       6
       6
       6
       3
       2
       6
       1
       2
       2
       1
       5
       5
       4
       3
       4
       2
       3
       1
       1
       1
       1
       3
       1
       3
       1
       4
       3
       1
       1
       3
       2
       6
       8
       3
       0
       0
       0
       0
       0
       0
       0
       0
       0
       0
       0
       0
       0
       0
       0
       0
       0
       0
       0
       0
       0
       0
       0
       0
       0
       0
       0
       0
       0
       0
       0
       0
       0
       0
       0
       0
       0
       0
       0
       0
       0
       0
       0
       0
       0
       0
       0
       0
       0
       0
       0
       0
       0
       0
       0
       0
       0
       0
       0
       0
       0
       0
       0
       0
       0
       0
       0
       0
       0
       0
       0
       0
       0
       0
       0
       0
       0
       0
       0
       0
$ROI:
1
771 896
$PRESETS:
None
0
0
$ENER_FIT:
0.000000 0.000000
$MCA_CAL:
3
0.000000E+000 0.000000E+000 0.000000E+000 
$SHAPE_CAL:
3
0.000000E+000 0.000000E+000 0.000000E+000
