$SPEC_ID:
No sample description was entered.
$SPEC_REM:
DET# 1
DETDESC# LAB4C1 Easy-MCA-2k SN 20066403
AP# Maestro Version 7.01
$DATE_MEA:
11/16/2022 10:27:27
$MEAS_TIM:
262 265
$DATA:
0 2047
       0
       0
       0
       0
       0
       0
       0
       0
       0
      15
     586
     489
     570
     575
     579
     546
     461
     439
     468
     467
     483
     480
     468
     482
     482
     485
     490
     538
     512
     522
     571
     524
     564
     597
     564
     655
     633
     712
     743
     844
     971
    1031
    1153
    1277
    1363
    1611
    1785
    1964
    2112
    2163
    2058
    1942
    1698
    1520
    1402
    1168
    1042
     911
     893
     762
     704
     660
     653
     606
     584
     591
     559
     536
     612
     622
     580
     566
     610
     595
     602
     633
     614
     607
     606
     610
     615
     649
     604
     650
     649
     649
     666
     664
     691
     706
     653
     691
     686
     687
     681
     747
     752
     744
     772
     772
     782
     778
     762
     794
     761
     835
     801
     836
     851
     874
     836
     813
     818
     825
     912
     861
     853
     825
     827
     795
     856
     829
     779
     814
     810
     769
     795
     788
     768
     809
     782
     772
     765
     803
     815
     759
     774
     751
     730
     791
     758
     761
     730
     783
     804
     788
     771
     777
     776
     784
     751
     790
     787
     770
     802
     774
     813
     884
     795
     836
     820
     841
     865
     863
     828
     761
     830
     888
     905
     861
     871
     829
     870
     877
     835
     805
     833
     890
     899
     906
     892
     821
     860
     867
     878
     911
     889
     837
     881
     897
     869
     881
     904
     871
     833
     891
     839
     865
     871
     881
     839
     916
     841
     896
     906
     850
     927
     896
     879
     852
     871
     933
     845
     887
     787
     852
     879
     853
     824
     892
     901
     839
     908
     862
     908
     940
     848
     912
     845
     917
     884
     905
     901
     927
     897
     933
    1012
    1002
     965
     950
     991
    1026
     982
    1046
    1031
    1072
    1030
    1053
    1073
    1102
    1087
    1119
    1117
    1124
    1147
    1220
    1181
    1187
    1163
    1166
    1151
    1186
    1186
    1206
    1224
    1176
    1234
    1249
    1349
    1253
    1258
    1193
    1278
    1255
    1219
    1194
    1272
    1144
    1130
    1214
    1151
    1174
    1124
    1162
    1101
    1130
    1141
    1154
    1058
    1049
    1021
    1085
    1080
    1022
    1066
    1050
    1003
    1016
    1057
     995
    1006
     963
     946
     985
     933
    1009
     960
     909
     978
     947
     953
     897
     895
     929
     937
     915
     824
     881
     858
     866
     866
     907
     816
     861
     808
     843
     817
     792
     843
     827
     787
     772
     821
     755
     748
     757
     751
     778
     715
     716
     725
     750
     704
     730
     672
     703
     748
     692
     675
     696
     674
     713
     711
     688
     720
     670
     687
     641
     661
     642
     688
     622
     659
     611
     693
     620
     674
     642
     617
     625
     610
     586
     615
     615
     626
     569
     619
     607
     573
     603
     612
     595
     576
     618
     584
     614
     586
     575
     590
     537
     536
     589
     588
     609
     580
     573
     533
     538
     575
     543
     571
     586
     531
     543
     561
     532
     532
     485
     553
     538
     506
     536
     527
     488
     523
     531
     522
     504
     542
     533
     503
     538
     494
     533
     517
     491
     516
     491
     504
     479
     476
     495
     492
     502
     485
     474
     498
     497
     453
     515
     494
     471
     478
     481
     490
     537
     482
     496
     483
     529
     517
     480
     470
     479
     456
     463
     484
     489
     465
     478
     491
     454
     466
     476
     446
     472
     484
     474
     469
     454
     443
     480
     469
     465
     446
     459
     453
     465
     457
     468
     491
     465
     467
     441
     448
     427
     475
     437
     535
     435
     439
     452
     474
     473
     465
     426
     471
     454
     442
     463
     474
     458
     462
     459
     451
     439
     464
     432
     465
     478
     471
     442
     514
     475
     458
     484
     470
     453
     457
     474
     444
     453
     440
     464
     475
     418
     434
     490
     457
     480
     494
     459
     449
     447
     483
     459
     458
     435
     446
     481
     471
     452
     479
     463
     447
     460
     435
     461
     470
     441
     444
     497
     433
     476
     485
     402
     459
     455
     473
     465
     446
     417
     443
     429
     440
     467
     417
     463
     438
     444
     450
     454
     425
     439
     445
     443
     441
     473
     410
     416
     428
     426
     405
     404
     386
     416
     392
     378
     389
     384
     410
     352
     410
     388
     388
     377
     332
     345
     365
     354
     349
     325
     358
     323
     315
     314
     319
     350
     302
     285
     290
     305
     279
     300
     283
     246
     262
     266
     264
     240
     213
     231
     245
     246
     210
     227
     214
     234
     231
     208
     203
     191
     196
     166
     192
     178
     201
     169
     153
     189
     167
     183
     145
     161
     146
     149
     143
     153
     150
     136
     148
     139
     156
     141
     103
     142
     154
     133
     130
     140
     130
     136
     148
      99
     111
     123
     125
     113
     122
     115
     120
     100
     103
     128
      87
     124
     100
     101
     125
      95
      93
      90
     114
      99
     120
     113
     107
     121
      84
     101
     105
      97
      99
      96
     103
     112
      94
      92
      96
      92
      98
      84
      90
     108
      83
      93
      72
      86
      81
      68
     103
      89
     100
      94
      82
      84
      87
      84
      92
      86
      87
     109
      87
      88
      92
      99
      94
      75
     104
      89
      90
     104
     106
      90
      75
      85
      86
      83
      83
     103
      78
     101
      93
     112
     107
     106
     103
     120
     119
     113
      83
     100
      98
     114
     108
     119
     110
     127
     108
     105
     107
     120
     111
     125
     148
     130
     133
     119
     114
     142
     149
     146
     154
     145
     164
     161
     145
     165
     181
     196
     200
     184
     217
     221
     187
     230
     241
     280
     261
     267
     247
     306
     325
     356
     335
     371
     398
     443
     417
     474
     494
     495
     562
     568
     561
     664
     639
     710
     731
     822
     832
     860
     845
     957
     917
     977
    1100
    1094
    1169
    1262
    1217
    1335
    1350
    1508
    1492
    1632
    1545
    1642
    1611
    1756
    1744
    1872
    1858
    1936
    1980
    2090
    2096
    2177
    2208
    2184
    2184
    2283
    2337
    2424
    2432
    2367
    2518
    2515
    2537
    2495
    2649
    2448
    2531
    2578
    2518
    2569
    2568
    2460
    2421
    2498
    2371
    2445
    2368
    2257
    2298
    2319
    2187
    2131
    2139
    2113
    1947
    1904
    1941
    1936
    1764
    1696
    1607
    1622
    1520
    1516
    1429
    1331
    1274
    1188
    1195
    1070
    1126
    1017
     904
     921
     837
     807
     734
     754
     692
     616
     620
     525
     502
     438
     457
     460
     395
     361
     305
     279
     293
     266
     215
     205
     205
     171
     157
     151
     132
     118
     108
     105
      95
      77
      78
      67
      61
      48
      54
      58
      40
      45
      39
      29
      22
      27
      25
      23
      14
      10
      15
      22
      15
      17
      11
       8
      10
       9
       7
      16
      19
       6
       8
       3
      11
       7
      10
       7
       8
      10
      11
       4
       5
       7
      11
       8
       7
       4
       5
       2
      11
       9
       9
       5
      10
       3
       9
       2
       3
       7
       4
       2
       4
       5
       5
       3
       2
       5
       1
       9
       8
       6
       4
       5
       2
       4
       5
       5
       4
       6
      10
       5
       8
       5
       3
       6
       7
       3
       1
       4
       3
       5
       3
       4
       5
       9
       7
       7
       5
       7
       5
       2
       6
       3
       6
       5
       6
       7
       6
       4
       5
       4
       4
       4
       2
       2
       3
       6
       4
       2
       5
       1
       3
       3
       4
       9
       4
       5
       1
       6
       3
       1
       8
       4
       4
       5
       4
       5
       2
       3
       4
       3
       6
       8
       4
       6
       2
       5
       6
       6
       0
       4
       4
       3
       6
       2
       5
       7
       2
       3
       4
       3
       4
       4
       6
       3
       3
       2
       7
       3
       6
       2
       1
       1
       0
      10
       6
       3
       3
       2
       2
       5
      10
       4
       5
       3
       3
       4
       3
       3
       6
       8
       8
       3
       5
       6
       3
       5
       6
       4
       3
       8
       3
       2
       5
       6
       8
       4
       5
       7
       5
       3
       1
       6
       5
       5
       3
       8
       3
       3
       3
       5
       6
       4
       3
       1
       3
       7
       0
       2
       3
       3
       6
       8
       2
       2
       6
       2
       5
       5
       6
       1
       6
       2
       3
       3
       2
       8
       2
       4
      10
       4
       6
       4
       2
       2
       2
       2
       7
       5
       3
       3
       4
       2
       3
       4
       2
       1
       4
       4
       3
       4
       6
       4
       6
       2
       4
       6
       3
       3
       3
       1
       2
       3
       1
       4
       3
       2
       5
       4
       6
       8
       1
       1
       2
       3
       4
       2
       4
       1
       0
       4
       9
       3
       3
       2
       4
       3
       2
       4
       2
       2
       2
       5
       2
       5
       7
       2
       2
       3
       6
       3
       0
       5
       3
       2
       7
       4
       3
       5
       3
       4
       3
       4
       4
       1
       7
       1
       4
       3
       4
       6
       1
       4
       4
       5
       2
       3
       3
       4
       4
       3
       6
       6
       3
       5
       0
       4
       2
       4
       5
       4
       4
       0
       1
       3
       2
       0
       3
       1
       5
       3
       5
       1
       2
       2
       0
       1
       3
       2
       3
       1
       3
       4
       2
       4
       4
       2
       3
       3
       4
       2
       1
       2
       0
       2
       4
       1
       1
       1
       1
       1
       3
       4
       3
       1
       3
       2
       8
       0
       2
       3
       1
       2
       2
       1
       2
       4
       3
       5
       1
       1
       2
       3
       3
       0
       5
       1
       1
       2
       2
       4
       1
       5
       5
       4
       3
       2
       1
       7
       1
       4
       2
       4
       4
       4
       4
       1
       1
       2
       4
       5
       6
       3
       5
       2
       1
       4
       4
       1
       3
       5
       3
       3
       4
       6
       1
       2
       2
       3
       1
       2
       0
       2
       1
       4
       3
       2
       1
       3
       1
       4
       1
       2
       7
       2
       1
       3
       3
       2
       5
       3
       4
       4
       3
       6
       1
       3
       7
       3
       4
       1
       5
       3
       4
       3
       1
       5
       3
       2
       6
       2
       1
       4
       2
       4
       5
       4
       1
       1
       5
       6
       1
       3
       3
       4
       2
       1
       3
       0
       2
       2
       2
       3
       2
       4
       2
       1
       1
       2
       7
       3
       2
       2
       1
       4
       1
       2
       2
       1
       2
       4
       2
       1
       3
       3
       4
       2
       1
       3
       3
       3
       2
       3
       1
       1
       3
       1
       1
       4
       1
       4
       0
       0
       0
       2
       3
       0
       2
       4
       5
       2
       2
       3
       0
       1
       1
       4
       1
       2
       3
       3
       4
       1
       2
       1
       1
       2
       4
       1
       2
       2
       4
       0
       2
       2
       4
       0
       3
       0
       5
       2
       3
       1
       3
       2
       0
       0
       0
       4
       2
       0
       1
       0
       1
       3
       0
       1
       2
       0
       2
       2
       1
       1
       1
       3
       2
       2
       2
       1
       3
       2
       4
       1
       2
       3
       3
       2
       2
       2
       4
       1
       3
       1
       2
       3
       2
       2
       1
       1
       0
       2
       0
       1
       1
       0
       1
       4
       0
       1
       1
       1
       1
       1
       1
       2
       1
       0
       2
       1
       1
       1
       1
       3
       1
       1
       0
       1
       3
       1
       2
       0
       2
       2
       1
       1
       0
       1
       1
       1
       2
       3
       1
       0
       1
       2
       0
       3
       1
       0
       2
       1
       3
       1
       4
       0
       2
       0
       0
       3
       1
       1
       2
       0
       0
       2
       3
       2
       3
       2
       2
       1
       1
       0
       2
       2
       1
       0
       0
       0
       0
       3
       0
       0
       2
       1
       2
       2
       1
       1
       1
       2
       1
       0
       1
       1
       1
       0
       2
       0
       2
       2
       2
       0
       2
       2
       4
       1
       1
       2
       1
       1
       3
       5
       1
       1
       1
       1
       3
       2
       0
       1
       0
       0
       4
       3
       3
       0
       1
       2
       1
       3
       3
       1
       0
       1
       2
       0
       0
       1
       0
       0
       2
       0
       1
       2
       2
       2
       2
       0
       2
       0
       1
       0
       1
       0
       0
       2
       3
       2
       1
       0
       3
       2
       0
       0
       3
       2
       1
       2
       0
       2
       3
       1
       3
       3
       2
       1
       1
       2
       2
       1
       2
       2
       3
       4
       3
       4
       2
       0
       0
       0
       3
       2
       1
       1
       2
       1
       3
       4
       4
       2
       5
       4
       1
       2
       2
       1
       2
       2
       1
       4
       1
       1
       2
       2
       4
       4
       3
       3
       5
       1
       3
       2
       3
       5
       4
       2
       4
       4
       4
       3
       3
       7
       3
       4
       2
       2
       4
       5
       5
       2
       2
       5
       2
       2
       6
       3
       3
       0
       0
       4
       0
       4
       5
       0
       6
       2
       3
       3
       1
       3
       2
       2
       6
       6
       3
       0
       2
       4
       3
       1
       1
       1
       1
       5
       7
       1
       4
       4
       2
       3
       2
       4
       3
       0
       2
       2
       3
       0
       0
       3
       3
       2
       1
       4
       1
       1
       4
       0
       3
       2
       3
       2
       0
       2
       2
       1
       0
       1
       1
       5
       0
       2
       1
       0
       0
       1
       0
       1
       1
       2
       1
       2
       1
       3
       1
       2
       2
       0
       2
       0
       1
       3
       1
       3
       0
       1
       0
       0
       1
       0
       0
       1
       0
       0
       0
       0
       0
       1
       0
       0
       0
       0
       1
       1
       0
       3
       0
       0
       1
       0
       0
       1
       0
       0
       0
       0
       1
       0
       0
       1
       1
       0
       0
       1
       1
       2
       0
       1
       1
       1
       0
       0
       0
       3
       0
       1
       0
       1
       0
       0
       0
       0
       0
       0
       0
       0
       0
       0
       0
       0
       0
       0
       0
       0
       0
       0
       0
       0
       0
       0
       0
       0
       0
       0
       0
       0
       0
       0
       0
       0
       0
       0
       0
       0
       0
       0
       0
       0
       0
       0
       0
       0
       0
       0
       0
       0
       0
       0
       0
       0
       0
       0
       0
       0
       0
       0
       0
       0
       0
       0
       0
       0
       0
       0
       0
       0
       0
       0
       0
       0
       0
       0
       0
       0
       0
       0
       0
       0
       0
       0
$ROI:
0
$PRESETS:
None
0
0
$ENER_FIT:
0.000000 0.000000
$MCA_CAL:
3
0.000000E+000 0.000000E+000 0.000000E+000 
$SHAPE_CAL:
3
0.000000E+000 0.000000E+000 0.000000E+000
