#$SPEC_ID:
#No sample description was entered.
#$SPEC_REM:
#DET# 1
#DETDESC# LAB4C1 Easy-MCA-2k SN 20066403
#AP# Maestro Version 7.01
#DATE_MEA:
#11/04/2021 15:16:49
#MEAS_TIM:
#763 770
#DATA:
#0 2047
       0
       0
       0
       0
       0
       0
       0
       1
     383
    1415
     983
    1096
    1150
    1235
    1194
    1070
    1005
     959
     939
     897
     901
     940
     917
     887
     955
     922
     950
     994
    1015
    1017
    1053
    1019
    1083
    1125
    1156
    1233
    1318
    1340
    1450
    1631
    1888
    2144
    2436
    2645
    3192
    3907
    4633
    5244
    5593
    5765
    5654
    5190
    4592
    3974
    3481
    2863
    2570
    2232
    1967
    1800
    1633
    1439
    1365
    1303
    1225
    1211
    1134
    1205
    1105
    1206
    1181
    1148
    1177
    1212
    1232
    1251
    1230
    1216
    1255
    1242
    1288
    1307
    1335
    1268
    1347
    1393
    1390
    1411
    1356
    1366
    1451
    1409
    1404
    1476
    1522
    1462
    1584
    1563
    1535
    1591
    1624
    1674
    1684
    1648
    1685
    1751
    1770
    1805
    1826
    1854
    1809
    1855
    1843
    1764
    1816
    1871
    1807
    1784
    1763
    1646
    1662
    1737
    1723
    1786
    1690
    1711
    1667
    1755
    1791
    1696
    1724
    1722
    1725
    1654
    1765
    1692
    1679
    1622
    1648
    1697
    1660
    1720
    1738
    1656
    1631
    1774
    1711
    1702
    1722
    1635
    1696
    1780
    1762
    1860
    1717
    1774
    1769
    1793
    1786
    1824
    1803
    1848
    1730
    1833
    1824
    1769
    1882
    1844
    1884
    1880
    1918
    1853
    1796
    1816
    1794
    1960
    1875
    1874
    1837
    1820
    1979
    1943
    1876
    1887
    1925
    1895
    1828
    1821
    1903
    1894
    1898
    1928
    1919
    1963
    1890
    1906
    1970
    1863
    1870
    1842
    1971
    1945
    1870
    1832
    1821
    1899
    1839
    1909
    1885
    1829
    1933
    1859
    1870
    1900
    1900
    1841
    1809
    1932
    1906
    1796
    1756
    1884
    1844
    1885
    1939
    1811
    1849
    1890
    1975
    1897
    1974
    2027
    2030
    1973
    2004
    2059
    2095
    2008
    2056
    2159
    2161
    2160
    2156
    2181
    2255
    2367
    2236
    2359
    2358
    2341
    2407
    2514
    2458
    2507
    2514
    2560
    2588
    2503
    2607
    2553
    2571
    2710
    2644
    2561
    2487
    2667
    2643
    2586
    2540
    2481
    2536
    2501
    2566
    2553
    2497
    2540
    2444
    2399
    2316
    2377
    2312
    2273
    2292
    2340
    2224
    2240
    2152
    2167
    2179
    2279
    2199
    2153
    2096
    2140
    2094
    2162
    2077
    2048
    2080
    2028
    2064
    2049
    1932
    1971
    2011
    1962
    1922
    1903
    1841
    1901
    1853
    1920
    1837
    1867
    1812
    1739
    1776
    1765
    1732
    1754
    1800
    1724
    1706
    1705
    1680
    1616
    1672
    1626
    1654
    1531
    1576
    1622
    1530
    1495
    1499
    1475
    1539
    1454
    1526
    1490
    1452
    1494
    1467
    1498
    1480
    1497
    1393
    1449
    1436
    1355
    1447
    1409
    1379
    1332
    1379
    1368
    1352
    1377
    1333
    1348
    1341
    1349
    1274
    1275
    1300
    1239
    1295
    1185
    1212
    1268
    1221
    1242
    1207
    1234
    1178
    1213
    1194
    1164
    1262
    1214
    1226
    1199
    1151
    1164
    1107
    1209
    1176
    1108
    1164
    1147
    1110
    1138
    1199
    1099
    1104
    1071
    1127
    1118
    1069
    1052
    1085
    1077
    1092
    1080
    1152
    1079
    1049
    1123
    1044
    1037
    1100
     993
    1092
    1042
    1030
    1074
    1064
    1092
    1070
    1014
    1036
    1060
    1017
    1028
    1033
    1003
     975
     996
    1017
     949
     992
     981
     997
     999
     969
     958
     948
     984
     972
     953
     978
     959
     964
     974
     959
     971
     958
     906
     989
     925
     969
     981
     953
     927
     959
     948
     935
     945
     952
     972
     960
     932
    1015
     927
     881
     914
     956
     900
     943
     934
     947
     920
     917
     950
     939
     943
     922
     932
     927
     946
     954
     919
     884
     900
     962
     947
     980
     929
     897
     918
     925
     911
     958
     936
     881
     888
     925
     917
     979
     849
     883
     869
     926
     893
     884
     903
     887
     890
     927
     938
     904
     884
     884
     891
     918
     925
     939
     881
     855
     887
     853
     936
     868
     900
     900
     878
     848
     896
     885
     987
     886
     871
     946
     945
     902
     897
     892
     963
     900
     944
     922
     946
     905
     965
     906
     912
     901
     912
     894
     892
     929
     892
     953
     889
     918
     897
     866
     910
     903
     872
     885
     953
     888
     878
     862
     914
     952
     893
     902
     911
     902
     885
     884
     846
     877
     854
     814
     821
     862
     887
     789
     806
     791
     797
     766
     757
     790
     766
     731
     752
     745
     720
     651
     713
     704
     646
     625
     653
     679
     648
     653
     578
     600
     552
     579
     571
     574
     535
     527
     512
     484
     489
     487
     503
     482
     441
     423
     443
     408
     398
     424
     413
     413
     401
     397
     393
     365
     347
     342
     369
     337
     342
     341
     321
     339
     328
     336
     313
     319
     299
     295
     278
     281
     282
     278
     277
     247
     264
     269
     258
     259
     267
     280
     247
     250
     229
     236
     242
     239
     273
     228
     223
     241
     202
     228
     231
     238
     210
     169
     201
     218
     203
     198
     216
     196
     191
     197
     212
     177
     229
     195
     182
     181
     165
     175
     188
     168
     179
     161
     189
     186
     201
     184
     177
     184
     182
     173
     168
     188
     154
     195
     146
     166
     147
     171
     168
     153
     165
     156
     197
     155
     163
     146
     155
     159
     166
     167
     178
     159
     178
     163
     199
     183
     181
     201
     170
     175
     161
     171
     159
     179
     169
     163
     173
     186
     172
     176
     194
     219
     205
     162
     192
     176
     192
     186
     205
     179
     221
     188
     186
     177
     199
     206
     230
     197
     216
     233
     215
     257
     243
     255
     240
     276
     260
     276
     298
     293
     306
     303
     348
     328
     344
     338
     387
     384
     430
     424
     444
     472
     484
     545
     521
     562
     644
     634
     696
     720
     758
     740
     875
     951
     884
    1005
    1013
    1129
    1108
    1177
    1342
    1421
    1447
    1566
    1610
    1734
    1814
    1855
    2006
    2041
    2174
    2231
    2406
    2463
    2545
    2613
    2769
    2816
    2975
    3076
    3193
    3315
    3446
    3602
    3780
    3809
    3883
    4032
    3907
    4135
    4321
    4377
    4404
    4582
    4528
    4555
    4669
    4695
    4905
    4817
    4917
    4912
    4946
    5037
    5019
    4984
    4932
    4907
    4848
    4887
    4885
    4808
    4738
    4707
    4543
    4699
    4602
    4375
    4303
    4292
    4132
    4035
    3939
    4021
    3755
    3414
    3467
    3303
    3234
    2997
    2963
    2842
    2726
    2615
    2458
    2404
    2235
    2117
    2095
    1950
    1883
    1721
    1620
    1566
    1455
    1326
    1263
    1192
    1101
    1014
     983
     887
     839
     758
     656
     657
     609
     499
     503
     481
     405
     409
     373
     330
     322
     256
     245
     216
     200
     174
     146
     144
     132
     115
     107
     101
     102
      62
      70
      70
      66
      60
      50
      43
      54
      51
      37
      28
      29
      31
      26
      27
      13
      18
      21
      13
      19
      13
      17
      16
      14
       9
      20
      20
      13
      18
      17
      27
       8
       8
      18
      10
      21
      14
      10
      14
      14
      16
      23
      22
      14
       9
      14
      12
      22
      11
      14
      12
      10
       9
      14
      10
      12
      15
      16
      16
      12
      20
      22
      10
      12
       8
       6
       9
      12
      13
      13
      15
      21
      11
      14
       9
       9
      18
       9
      16
      11
      10
      11
      10
      23
      13
      10
      17
      13
      12
      14
      12
       8
      16
      10
      13
      19
      12
      14
      20
       6
      14
      11
      11
      12
      17
      18
      10
      10
      13
       9
      13
      12
      13
      11
      13
       7
       7
       8
      15
      11
       8
      10
      11
      16
       9
      11
       8
       9
      18
      19
      11
      20
       8
       6
      16
      14
       8
       7
      10
       7
      10
      12
       6
       8
      11
       9
      12
      10
      10
       8
      14
      15
       9
      11
      11
       3
      10
      12
      16
      12
      14
       7
      10
      13
      13
       7
       8
      16
      13
       8
      13
      11
      10
      15
      10
      10
      11
       7
      11
       7
       4
       9
      11
      16
      15
       9
       6
       8
       9
      14
      10
      19
       8
       7
       9
       4
      10
      10
      10
       8
      11
       6
      14
      12
      11
      16
      11
      19
      13
      15
      11
       9
       9
      15
       8
       9
      17
       6
       8
      10
      11
      13
      14
      10
      13
      11
      14
       6
       8
       7
      10
      17
      17
      14
      13
       9
      21
      17
       8
      12
      12
       8
       8
       8
       8
       4
       6
       8
      17
      18
      15
      10
      14
      10
       9
      10
      11
      10
       7
      15
       9
      17
      10
       6
      10
      10
      17
       9
       8
      10
      12
      13
      11
       6
      15
      10
       8
       6
      17
      10
      12
       8
      13
      10
       8
       9
       9
       7
      13
       9
       5
       8
       7
       8
      11
       7
      10
      14
       7
      10
      13
      13
       7
       7
       9
       8
       5
       8
      15
      10
       7
      10
       3
       9
       8
       6
      10
       4
      10
       8
      10
       7
      14
       5
      18
       7
      13
      11
       7
      12
       9
       5
       5
      10
       8
       6
       9
       4
       7
      10
       3
       6
       6
      10
       8
       3
       8
       5
       8
       3
       8
      15
       7
       9
       5
      11
      11
      11
      14
       8
       8
       8
       7
       6
       5
      12
      11
      12
       7
       8
       5
      10
       7
       8
       3
       9
       7
       6
       9
       4
       6
       5
      10
       7
       2
       6
       5
       7
       5
       6
       6
       2
       5
       4
       6
       1
       5
       9
       6
      10
       7
       3
       7
       8
       3
       3
       8
       3
       8
       4
       9
       7
       6
       7
      12
       6
       3
       3
       6
       8
       6
       6
       7
       8
       3
       8
       7
       6
       3
       5
      11
       6
       5
       8
       6
       5
       9
       4
      12
       9
       5
       5
       3
       5
       8
       8
       4
       9
       6
       7
       5
       7
      10
      10
       2
       7
       6
       5
      11
       5
      15
       6
      10
       2
       9
       5
       6
       9
       5
       7
       8
       8
       7
       5
      10
       9
       7
       9
       8
       4
       8
       8
       6
       6
       6
       4
       9
       7
       9
      12
       6
       4
       6
       7
       6
       8
       9
       9
       4
       3
       6
       6
      10
       7
       4
       9
       4
       8
       5
       6
       3
       5
       2
       5
       3
       7
       9
       6
       6
       6
       3
       2
       6
       9
       9
       4
       4
       7
       8
       7
       9
       6
       2
       4
       4
       4
       9
       5
       5
       6
       9
       8
       4
       5
       9
       6
       5
       4
       6
       4
       6
      11
       1
       5
       3
       5
       4
       0
       3
       5
       4
       6
       8
       7
       3
       4
       5
       7
       8
       7
      12
       7
       8
       4
      10
       8
       4
       3
       4
       8
       3
       6
       4
       3
       8
       8
       4
       5
       6
       7
       3
       3
       4
       5
       7
       1
       6
       3
       2
       9
       4
       3
       7
       6
       3
       7
       8
       3
       2
       5
       3
       4
       4
       1
       4
       3
       3
       3
       1
       3
       4
       4
       2
       7
       5
       4
       6
       1
       4
       6
       9
       5
       4
       2
       4
       5
       1
       4
       4
       4
       2
       1
       5
       4
       2
       3
       2
       4
       4
       1
       7
       8
       2
       5
       4
       3
       3
       3
       2
       5
       6
       2
       6
       3
       4
       6
       0
       1
       6
       7
       5
       1
       4
       4
       2
       3
       3
       2
       2
       1
       5
       4
       1
       7
       5
       4
       9
       4
       4
       3
       3
       4
       4
       2
       2
       7
       6
       3
       2
       3
       1
       0
       2
       4
       4
       0
       4
       0
       5
       2
       5
       3
       2
       3
       3
       5
       0
       4
       3
       4
       4
       2
       5
       4
       2
       5
       5
       5
       4
       4
       3
       2
       4
       4
       2
       1
       0
       1
       5
       6
       1
       2
       2
       1
       2
       3
       1
       3
       1
       4
       2
       7
       7
       4
       1
       7
       3
       3
       1
       6
       5
       0
       1
       6
       7
       5
       3
       2
       7
       3
       2
       2
       4
       2
       2
       3
       2
       2
       2
       2
       1
       1
       0
       6
       6
       1
       3
       2
       6
       6
       4
       5
       2
       1
       3
       5
       4
       6
       2
       6
       1
       3
       3
       5
       4
       5
       3
       4
       2
       7
       4
       2
       3
       2
       5
       3
       7
       2
       3
       9
       2
       3
       5
       3
       3
       3
       5
       3
       6
       8
       7
       2
       7
       4
       7
       2
       3
       5
       3
      10
       3
       2
      10
       7
       9
       3
       4
       8
       6
       6
       7
      14
       8
       8
      10
       8
       6
       8
       6
      11
       2
       7
       4
       9
       2
       3
       7
      15
       9
       9
      11
       7
       6
       7
       7
       8
      12
       8
      10
       8
      11
       7
      18
       5
      10
      10
      10
      11
       4
       6
       8
       7
       7
       7
       9
       9
      11
       5
       6
       4
       7
       9
       6
      11
      11
       6
       8
       7
       4
       8
       9
       7
       9
       9
      12
       6
      10
      12
      12
       6
       6
       3
       7
       5
       9
       5
       7
       6
       9
       7
      10
      16
       6
       4
      11
       6
       7
       6
       2
       5
       4
       4
       4
       5
       3
       7
       4
       6
       4
       1
       2
       3
       5
       4
       1
       5
       3
       4
       1
       3
       5
       3
       4
       5
       1
       5
       4
       4
       6
       1
       0
       4
       6
       0
       3
       2
       3
       1
       3
       2
       2
       4
       1
       2
       3
       3
       5
       1
       0
       2
       3
       1
       2
       1
       0
       2
       3
       5
       4
       1
       3
       2
       1
       0
       1
       5
       0
       1
       3
       1
       1
       0
       0
       0
       0
       3
       2
       1
       1
       2
       1
       1
       2
       2
       1
       1
       0
       0
       2
       0
       2
       0
       3
       2
       1
       0
       1
       4
       0
       3
       0
       1
       0
       1
       0
       3
       1
       2
       0
       3
       2
       1
       0
       3
       1
       0
       0
       0
       0
       0
       0
       0
       0
       0
       0
       0
       0
       0
       0
       0
       0
       0
       0
       0
       0
       0
       0
       0
       0
       0
       0
       0
       0
       0
       0
       0
       0
       0
       0
       0
       0
       0
       0
       0
       0
       0
       0
       0
       0
       0
       0
       0
       0
       0
       0
       0
       0
       0
       0
       0
       0
       0
       0
       0
       0
       0
       0
       0
       0
       0
       0
       0
       0
       0
       0
       0
       0
       0
       0
       0
       0
       0
       0
       0
#$ROI:
#1
#750 933
#$PRESETS:
#None
#0
#0
#$ENER_FIT:
#0.000000 0.000000
#$MCA_CAL:
#3
#0.000000E+000 0.000000E+000 0.000000E+000 
#$SHAPE_CAL:
#3
#0.000000E+000 0.000000E+000 0.000000E+000
