$SPEC_ID:
No sample description was entered.
$SPEC_REM:
DET# 1
DETDESC# LAB4C1 Easy-MCA-2k SN 20066403
AP# Maestro Version 7.01
$DATE_MEA:
11/17/2022 18:15:21
$MEAS_TIM:
447 447
$DATA:
0 2047
       0
       0
       0
       0
       0
       0
       0
       0
       0
       0
      35
      24
      32
      21
      22
      14
      22
      31
      27
      35
      18
      24
      30
      24
      34
      29
      32
      30
      35
      35
      32
      34
      41
      40
      35
      34
      47
      37
      37
      37
      37
      52
      38
      70
      54
      58
      69
      52
      75
      53
      55
      61
      60
      46
      55
      64
      72
      48
      56
      53
      68
      52
      63
      63
      63
      64
      72
      70
      67
      85
      58
      78
      92
      71
      70
      69
      86
      99
      87
      79
      96
      95
      96
     113
     114
     120
     127
     130
     115
     115
     141
     123
     124
     128
     177
     152
     150
     174
     165
     177
     198
     166
     198
     207
     212
     193
     203
     203
     189
     193
     184
     200
     222
     216
     186
     198
     186
     204
     177
     185
     210
     187
     207
     182
     206
     208
     208
     182
     174
     191
     155
     186
     179
     190
     182
     179
     163
     169
     194
     163
     171
     189
     174
     190
     158
     176
     165
     168
     177
     169
     167
     161
     156
     166
     161
     168
     154
     168
     186
     151
     156
     170
     171
     174
     173
     178
     169
     150
     157
     147
     154
     153
     173
     169
     163
     179
     157
     159
     163
     134
     135
     148
     163
     147
     148
     157
     145
     138
     147
     145
     143
     162
     138
     143
     126
     128
     123
     113
     136
     135
     126
     121
     134
     141
     111
     131
     133
     129
      98
     116
     118
     119
      99
     115
     114
     129
     123
     108
     122
      95
      99
     117
     112
     134
     112
     111
     127
     138
     125
     132
     134
     105
     126
     114
      94
     109
     132
     142
     113
     122
     114
     105
      92
     115
     118
      88
     122
     120
     110
     105
     123
     109
     117
     103
     103
      96
     116
     111
      96
      99
     116
     106
     106
     104
      93
     104
      91
      84
      92
      80
      85
      94
      79
      78
      79
      80
      82
      94
      70
      74
      94
      75
      92
      80
      57
      71
      82
      78
      65
      75
      72
      53
      73
      78
      63
      66
      69
      79
      68
      88
      60
      79
      72
      79
      65
      61
      75
      58
      62
      64
      81
      67
      69
      76
      70
      70
      64
      78
      57
      67
      70
      55
      42
      56
      71
      58
      59
      50
      49
      44
      59
      59
      52
      53
      51
      56
      46
      39
      43
      57
      58
      48
      41
      51
      50
      44
      52
      42
      50
      39
      49
      45
      43
      49
      45
      40
      43
      40
      38
      45
      49
      39
      35
      48
      40
      31
      40
      32
      34
      35
      46
      39
      45
      34
      37
      34
      40
      43
      55
      42
      47
      59
      32
      50
      27
      25
      35
      39
      38
      38
      26
      37
      35
      46
      28
      47
      36
      33
      32
      38
      42
      32
      35
      29
      35
      30
      27
      34
      27
      30
      34
      27
      35
      31
      35
      24
      35
      43
      31
      21
      19
      29
      36
      36
      34
      38
      23
      32
      31
      26
      36
      36
      27
      23
      36
      26
      29
      25
      34
      34
      27
      37
      27
      35
      24
      30
      29
      31
      31
      36
      21
      36
      32
      36
      26
      29
      32
      40
      39
      24
      27
      32
      34
      28
      28
      30
      20
      28
      28
      34
      34
      37
      26
      31
      21
      17
      26
      15
      17
      20
      18
      25
      20
      22
      15
      27
      25
      22
      18
      25
      14
      25
      24
      26
      28
      22
      16
      23
      21
      13
      26
      15
      16
      12
      20
      21
      12
      22
      24
      20
      19
      19
      16
      18
      16
      13
      24
      19
       8
      16
      14
      17
      19
      11
       6
      21
      20
      16
      19
      25
      21
      24
      24
      32
      15
      19
      17
      16
      17
       9
      20
      16
      17
      16
      12
      17
      18
      11
      10
      10
      16
      13
      22
      22
      10
      16
      16
      17
      13
      16
      14
      16
      10
      15
      19
      10
      17
      15
      11
      17
      18
      10
      13
      15
      13
      14
      17
      17
      14
      13
      16
      18
      21
      13
      16
      19
      18
      14
      16
      16
      12
      13
      17
       7
      13
      16
      12
      15
      17
      14
      14
      11
      12
      12
      19
      13
      13
      11
      20
      18
       9
      10
      14
      18
      16
       8
       9
      19
      11
      10
      10
      13
      13
       9
      11
       8
      13
      14
      13
      12
       9
       5
      13
      13
      11
       9
      11
       5
      12
      16
      14
      16
      17
      10
      15
      16
       7
      21
      11
      15
      15
      11
      10
       9
      12
      11
      10
      12
      12
      14
       8
      11
      15
      11
      12
      13
      14
       7
      11
       6
       5
      11
       9
      11
       6
      11
      11
      11
      13
       9
       3
      12
       9
       6
      11
       9
       8
      13
      12
      11
      15
       7
       9
       9
       7
      10
       9
      10
       9
      11
       8
       6
       6
      12
      12
       6
      15
       6
      14
       9
       6
       8
      11
       8
       8
       5
      14
      13
      12
      14
      10
      10
      14
      12
       6
      12
      12
      14
       8
      13
      15
      13
      15
       6
      12
       9
       8
      12
      19
      13
       9
      10
       8
      18
      13
       9
      10
      15
      14
      14
      18
      14
       9
       7
      10
      16
      12
      16
      14
      13
      15
       9
       9
      13
      11
       7
       6
      11
      12
       6
      10
       8
      19
      15
      10
      16
      14
      12
      16
       9
      10
       8
       5
      10
       9
      10
      13
      15
      12
      14
       9
       3
      12
       8
      11
      14
      16
      13
      19
      15
      11
      19
      18
      10
      14
      13
      21
      15
      22
      18
      18
      27
      12
      24
      22
      23
      29
      16
      29
      18
      25
      23
      31
      32
      21
      42
      32
      23
      25
      29
      28
      28
      32
      41
      40
      24
      25
      22
      36
      33
      30
      37
      23
      38
      30
      43
      37
      33
      36
      30
      42
      37
      36
      38
      34
      41
      33
      31
      29
      31
      33
      29
      22
      19
      18
      27
      24
      19
      18
      21
      18
      25
      21
      23
      13
      20
      14
      17
      14
      16
      14
      13
      15
       8
      17
       6
       9
      10
      13
      13
       9
      10
       3
       2
      14
      10
      10
       6
       7
       5
      12
       2
       4
       4
       2
       7
       4
       4
       4
      10
       4
       5
       5
       4
       8
       7
       1
       9
       7
       2
       8
       5
       6
       5
       8
       3
      13
       2
       1
       2
       6
       5
       1
       7
       7
       4
       8
       2
       4
       2
       5
       4
       4
       4
       8
       5
       8
       3
       5
       2
       2
       3
       2
       2
       6
       4
       4
       4
       2
       5
       2
       3
       5
       7
       7
       3
       8
       5
       5
       6
       3
       6
       1
       2
       6
       6
       5
       6
       4
       7
       3
       3
       9
       2
       6
       3
       7
       3
       7
       7
       6
       1
       4
       7
       5
       3
       5
       3
       7
       7
       0
       5
       5
       6
       1
       5
       1
       4
       4
       2
       5
       7
       6
       5
       1
       3
       7
       9
       1
       5
       3
       1
       8
       5
       3
       2
       6
       6
       2
       6
       2
       3
       5
       4
       1
       6
       2
       5
       3
       5
       4
       2
       4
       6
       3
       3
       4
       8
       3
       6
       4
       1
       3
       3
       4
       5
       5
       3
       2
       7
       3
       2
       4
       4
       1
       5
       1
       1
       2
       2
       1
       5
       4
       6
       3
       3
       5
       4
       3
       8
       1
       5
       4
       3
       4
       3
       6
       5
       6
       4
       1
       4
       3
       5
       6
       1
       4
       4
       2
       3
       6
       2
       3
       6
       3
       3
       3
       6
       6
       4
       3
       5
       2
       8
       4
       4
       5
       7
       2
       5
       5
       6
       3
       2
       3
       3
       2
       7
       3
       1
       1
       3
       0
       3
       0
       5
       6
       6
       3
       4
       1
       6
       6
       2
       9
       4
       3
       4
       6
       5
       4
       3
       4
       3
       1
       6
       5
       9
       6
       2
       5
       3
       2
       1
       6
       4
       2
       7
       3
       3
       1
       5
       1
       2
       4
       3
       3
       5
       6
       6
       5
       4
       5
       2
       4
       3
       2
       3
       7
       4
       6
       5
       2
       2
       3
       4
       4
       4
       2
       7
       1
       1
       1
       7
       5
       8
       3
       3
       4
       2
       6
       6
       7
       1
       4
       6
       2
       6
       4
       3
       2
       3
       3
       1
       6
       5
       3
       2
       3
       6
       4
       2
       2
       7
       4
       5
       6
       5
       4
       1
       4
       1
       1
       8
       4
       2
       3
       7
       4
       4
       3
       2
       4
       2
       3
       3
       1
       1
       3
       3
       3
       4
       3
       3
       3
       2
       1
       2
       2
       4
       5
       3
       4
       5
       2
       2
       2
       2
       5
       2
       1
       4
       4
       2
       2
       5
       1
       5
       1
       2
       5
       2
       1
       4
       2
       6
       3
       1
       4
       1
       4
       3
       4
       3
       0
       3
       1
       3
       5
       3
       1
       6
       2
       2
       0
       3
       1
       7
       5
       0
       2
       2
       2
       3
       5
       1
       4
       2
       1
       4
       2
       4
       6
       5
       1
       3
       0
       2
       4
       2
       1
       2
       6
       1
       2
       5
       0
       2
       2
       0
       1
       8
       0
       2
       6
       4
       6
       5
       4
       3
       4
       1
       3
       5
       6
       3
       3
       7
       3
       6
       2
       0
       4
       3
       1
       1
       4
       5
       2
       3
       3
       4
       5
       2
       2
       1
       3
       2
       2
       3
       2
       6
       1
       4
       2
       4
       2
       2
       0
       5
       7
       1
       5
       3
       1
       4
       5
       2
       2
       0
       3
       5
       4
       2
       2
       4
       1
       1
       3
       5
       4
       3
       4
       3
       1
       0
       5
       1
       2
       2
       5
       1
       2
       4
       3
       2
       3
       0
       6
       4
       0
       5
       2
       1
       2
       4
       3
       3
       0
       1
       0
       6
       2
       3
       2
       0
       3
       3
       2
       0
       2
       3
       1
       5
       0
       1
       1
       2
       2
       3
       0
       2
       2
       1
       2
       2
       1
       1
       0
       1
       2
       4
       3
       0
       3
       2
       2
       2
       2
       5
       2
       0
       3
       2
       1
       2
       2
       1
       3
       4
       3
       3
       0
       2
       4
       2
       2
       1
       1
       2
       2
       2
       2
       0
       1
       0
       0
       3
       3
       0
       1
       4
       3
       3
       2
       2
       0
       3
       3
       3
       2
       1
       5
       1
       2
       1
       0
       1
       2
       2
       0
       0
       0
       3
       3
       0
       1
       3
       0
       2
       0
       1
       4
       2
       4
       1
       3
       0
       1
       1
       4
       4
       0
       3
       1
       1
       1
       3
       2
       1
       2
       1
       1
       3
       1
       3
       1
       3
       1
       0
       2
       1
       2
       1
       1
       2
       3
       1
       2
       0
       1
       2
       1
       3
       1
       3
       1
       0
       0
       2
       2
       6
       0
       3
       1
       1
       0
       5
       0
       0
       1
       2
       0
       2
       3
       2
       3
       1
       2
       0
       0
       0
       0
       1
       3
       2
       1
       0
       2
       3
       3
       1
       0
       2
       0
       1
       1
       0
       1
       0
       1
       2
       1
       0
       0
       0
       1
       0
       2
       1
       0
       0
       0
       4
       2
       1
       0
       1
       0
       1
       0
       0
       1
       0
       0
       1
       1
       0
       0
       0
       1
       0
       1
       1
       0
       1
       1
       1
       2
       1
       3
       3
       1
       0
       0
       0
       0
       2
       1
       0
       2
       2
       3
       3
       2
       1
       1
       1
       0
       0
       3
       1
       2
       1
       3
       1
       0
       0
       0
       4
       2
       0
       1
       0
       0
       1
       0
       1
       1
       2
       3
       1
       1
       4
       2
       0
       1
       4
       4
       3
       3
       3
       1
       1
       2
       1
       1
       1
       2
       3
       1
       1
       2
       5
       2
       3
       2
       5
       2
       3
       1
       7
       0
       5
       2
       3
       2
       4
       2
       4
       4
       3
       3
       1
       3
       2
       5
       6
       2
       3
       5
       2
       2
       3
       4
       3
       1
       3
       8
       6
       4
       3
       3
       5
       5
       3
       3
       4
       8
       7
       1
       2
       4
       4
       7
       1
       2
       2
       5
       4
       4
       3
       0
       6
       3
       1
       6
       3
       5
       0
       4
       4
       3
       4
       5
       2
       3
       8
       7
       4
       3
       2
       5
       2
       6
       2
       3
       2
       4
       4
       5
       3
       3
       2
       7
       6
       2
       3
       4
       4
       1
       7
       2
       1
       0
       1
       2
       0
       3
       0
       2
       0
       4
       0
       0
       0
       0
       2
       0
       1
       3
       0
       0
       3
       1
       0
       2
       1
       2
       3
       1
       0
       0
       3
       2
       4
       0
       1
       3
       1
       2
       2
       1
       1
       1
       0
       0
       2
       0
       1
       1
       0
       2
       0
       1
       1
       0
       2
       1
       2
       1
       0
       1
       1
       1
       1
       0
       1
       1
       1
       1
       2
       0
       1
       0
       2
       0
       0
       1
       1
       1
       1
       1
       1
       0
       0
       4
       1
       1
       0
       3
       0
       0
       0
       1
       1
       1
       1
       1
       1
       1
       1
       1
       0
       1
       2
       1
       1
       0
       0
       1
       0
       0
       0
       2
       1
       1
       0
       0
       1
       0
       1
       1
       0
       1
       1
       1
       0
       0
       0
       0
       0
       0
       0
       0
       0
       0
       0
       0
       0
       0
       0
       0
       0
       0
       0
       0
       0
       0
       0
       0
       0
       0
       0
       0
       0
       0
       0
       0
       0
       0
       0
       0
       0
       0
       0
       0
       0
       0
       0
       0
       0
       0
       0
       0
       0
       0
       0
       0
       0
       0
       0
       0
       0
       0
       0
       0
       0
       0
       0
       0
       0
       0
       0
       0
       0
       0
       0
       0
       0
       0
       0
       0
       0
       0
       0
       0
       0
$ROI:
1
771 896
$PRESETS:
Live Time
710
0
$ENER_FIT:
0.000000 0.000000
$MCA_CAL:
3
0.000000E+000 0.000000E+000 0.000000E+000 
$SHAPE_CAL:
3
0.000000E+000 0.000000E+000 0.000000E+000
