$SPEC_ID:
No sample description was entered.
$SPEC_REM:
DET# 1
DETDESC# LAB4C1 Easy-MCA-2k SN 20066403
AP# Maestro Version 7.01
$DATE_MEA:
11/17/2022 18:03:52
$MEAS_TIM:
640 640
$DATA:
0 2047
       0
       0
       2
       2
       0
       0
       0
       0
       0
       0
      43
      30
      41
      44
      37
      42
      42
      51
      32
      33
      36
      36
      46
      59
      47
      37
      57
      50
      42
      41
      40
      46
      50
      52
      49
      50
      43
      56
      65
      54
      49
      63
      59
      57
      57
      67
      60
      71
      63
      67
      69
      67
      83
      78
      75
      77
      66
      76
      73
      75
      59
      85
      91
      85
      81
     105
      87
      90
     109
     119
     103
      96
     103
     127
     115
     119
     123
     113
     123
     126
     134
     143
     153
     130
     175
     187
     173
     173
     164
     187
     179
     200
     202
     191
     218
     222
     221
     209
     230
     235
     245
     266
     240
     252
     277
     289
     265
     300
     287
     279
     275
     274
     324
     282
     291
     278
     288
     260
     262
     259
     278
     281
     264
     251
     280
     264
     261
     240
     266
     274
     284
     255
     224
     239
     275
     256
     277
     267
     244
     240
     254
     231
     257
     256
     241
     219
     220
     248
     250
     247
     218
     250
     223
     270
     259
     255
     241
     221
     253
     200
     225
     233
     248
     209
     239
     215
     209
     242
     223
     227
     217
     224
     242
     211
     198
     226
     218
     214
     224
     223
     232
     207
     201
     206
     210
     176
     208
     202
     210
     187
     177
     183
     206
     187
     186
     173
     188
     196
     181
     175
     184
     169
     217
     175
     196
     191
     198
     200
     173
     187
     192
     192
     164
     175
     166
     155
     164
     154
     170
     141
     158
     144
     148
     162
     174
     167
     160
     175
     167
     181
     158
     162
     159
     157
     142
     138
     136
     166
     157
     165
     136
     166
     153
     158
     142
     138
     164
     166
     134
     148
     166
     159
     148
     154
     151
     147
     148
     158
     133
     137
     109
      91
     124
     160
     126
     126
     142
     134
     133
     116
     103
     112
     118
     125
     128
     115
     115
     119
     111
     101
      99
     104
     112
     106
     111
     106
      91
      97
     107
      95
     117
     102
      98
     100
      96
      87
     103
      90
      93
     110
      92
      96
      94
      94
     102
      92
     106
      82
      99
     105
      84
     104
      86
     109
     108
      84
      83
     101
      98
      83
      82
      78
      87
      91
      90
      62
      76
      91
      87
      77
      82
      67
      70
      61
      62
      71
      62
      63
      67
      70
      63
      63
      76
      74
      63
      62
      58
      58
      56
      50
      77
      69
      67
      62
      68
      40
      53
      52
      62
      53
      56
      50
      68
      61
      49
      64
      60
      44
      47
      59
      66
      64
      54
      62
      63
      56
      51
      58
      41
      65
      56
      57
      47
      50
      53
      50
      54
      41
      57
      46
      40
      63
      43
      54
      50
      41
      46
      65
      55
      54
      43
      50
      42
      34
      49
      43
      36
      58
      49
      52
      50
      43
      39
      40
      45
      52
      36
      46
      57
      44
      47
      38
      47
      36
      45
      37
      33
      36
      42
      37
      47
      46
      46
      39
      37
      43
      38
      41
      48
      41
      48
      45
      50
      48
      35
      47
      45
      38
      32
      48
      47
      36
      27
      37
      42
      40
      39
      51
      42
      44
      30
      43
      28
      42
      41
      34
      37
      33
      36
      42
      30
      42
      32
      22
      38
      36
      31
      30
      31
      32
      30
      39
      31
      29
      15
      24
      37
      25
      31
      25
      30
      21
      27
      35
      26
      35
      33
      24
      26
      25
      24
      25
      23
      24
      19
      25
      29
      17
      24
      25
      26
      29
      27
      32
      29
      16
      25
      20
      31
      21
      20
      14
      15
      19
       9
      22
      19
      18
      20
      29
      25
      30
      24
      23
      19
      28
      21
      14
      17
      24
      21
      26
      27
      18
      15
      24
      22
      21
      20
      24
      27
      12
      19
      23
      23
      32
      34
      16
      25
      10
      14
      25
      25
      25
      24
      15
      25
      24
      18
      17
      28
      25
      17
      19
      21
      16
      25
      25
      20
      19
      13
      14
      14
      15
      19
      19
      21
      23
      14
      18
      17
      16
      22
      13
      18
      24
      24
      23
      15
      17
      26
       9
      25
      23
      24
      17
      13
      25
      22
      23
      17
      14
      14
      11
      15
      15
      19
      19
      17
      27
      16
      21
      14
      16
      14
      16
      15
      17
      16
      15
      13
      16
      13
      15
      17
      13
      19
      20
      19
      17
      10
      12
      15
      16
      18
      11
      14
      20
      25
      15
      14
      14
      12
      15
      27
      14
      20
      11
      20
      19
      16
      11
      12
      10
      19
      13
      19
      16
      15
      16
      12
      11
      16
      15
      20
      22
      16
      20
      17
      12
      17
      10
      17
      12
      10
      15
      20
      14
      13
      11
      14
      15
      19
      12
      14
      13
      13
      17
      11
      16
      20
      14
      19
       9
      19
      13
      11
       9
      10
      11
      18
      13
      12
      13
      18
      15
      21
      19
      15
      12
      11
      10
      12
      15
      14
      10
      15
       7
      15
      15
      13
      21
      13
      10
      17
      15
      14
      10
      16
      13
      15
      15
      10
      12
      12
      11
      17
      20
      18
       9
      15
      17
      20
      13
      13
      13
      19
      10
      18
      18
      11
      15
      11
      13
      15
      15
      21
      17
      14
      15
      17
      11
      16
      19
      21
      27
      15
      14
      16
      16
      17
      24
      25
      14
      12
      13
      11
      21
      11
      17
      21
      15
      18
      15
      19
      11
      34
      15
      13
      15
      20
      25
      10
      19
      21
      23
      24
      18
      20
      22
      14
      19
      16
      22
      18
      17
      25
      31
      27
      26
      29
      26
      28
      19
      32
      34
      29
      29
      21
      33
      30
      27
      33
      33
      42
      27
      32
      26
      27
      36
      30
      27
      44
      28
      33
      38
      26
      30
      30
      33
      26
      33
      31
      32
      39
      31
      20
      28
      32
      33
      21
      20
      26
      14
      13
      21
      28
      33
      12
      19
      24
      17
      13
      19
      13
      16
      15
      18
      23
      12
      16
      10
      18
      18
      13
      12
      15
      10
      14
       4
      12
      15
      15
      10
      12
      13
       4
      15
       9
       8
       9
       6
       6
       6
      10
      11
       8
      15
       8
       5
      10
       8
       7
       8
       5
       4
       9
       9
      12
       7
       5
      10
       7
       9
      11
       9
       9
       6
       6
       3
       8
       6
       8
       1
       9
      10
       2
       6
       3
       7
       7
       8
      13
       2
       7
       3
       7
       5
       7
       8
      10
       6
       6
       9
       7
       5
       4
       8
       5
       7
       8
       3
       6
       6
       1
       8
       4
       7
      13
       7
       5
       8
       9
       6
       7
       8
       7
       4
       7
       7
       6
       6
       4
       5
       6
       4
       6
      10
       8
       5
       4
       6
       2
       5
      10
       6
       4
       9
       6
      11
      15
       4
       7
      11
       8
       5
       6
       7
       1
       6
       4
       7
       6
       4
       5
       7
       7
       4
       2
       4
       4
      11
       6
       5
       7
       5
      10
       5
       3
       4
       6
       3
       6
       8
       8
       7
       6
       8
       8
       7
       2
       5
       7
       6
       6
       4
       5
       5
       5
       7
       7
      10
       9
       0
       3
       2
       6
       8
       5
       5
       5
       1
       2
       1
       9
       3
       5
       6
       5
       7
       5
       6
       9
       2
       7
       6
       5
       5
       4
       5
       6
       8
       5
       2
       5
       7
       2
       4
       5
       5
       2
       4
       4
       7
       5
       4
       5
       4
       5
       4
       6
       6
       5
       3
      10
       6
       8
       6
       6
       6
       4
       8
       4
       5
       6
       3
       7
       7
       5
       6
       8
       7
       5
       6
       4
       5
       6
       3
       3
       9
       4
       9
       1
       5
       8
       5
       7
       4
       1
       7
       4
       9
       5
       2
       7
       6
       8
       4
       5
       1
      13
       5
       5
       4
       3
       7
       2
       5
       6
       8
       5
       5
       7
       4
       1
       1
       5
       6
       6
       4
       8
       5
       1
       3
       4
       3
       6
      12
       5
       4
       6
       7
       7
       5
      12
       6
       7
       2
       4
       9
       8
       6
       6
       5
       2
       3
       3
       4
       4
       5
       8
       3
       7
       7
       0
       6
       3
       7
       5
       8
       5
       1
       4
       4
       2
       4
       8
       1
       3
       5
       4
       5
       2
       3
       4
       8
       5
       9
       5
       4
       2
       4
       4
      10
       4
       3
       5
       5
       6
       7
       1
       5
       4
       3
       4
       4
       5
       3
       5
       4
       3
       1
       6
       5
       5
       4
       5
       3
       2
       3
       3
       3
       4
       3
       6
       3
       3
       4
       5
       7
       3
       3
       2
       4
       4
       6
       4
       8
       0
       7
       4
       4
       5
       2
       7
       7
       3
       6
       2
       4
       6
       3
       4
       3
       2
       2
       5
       4
       6
       4
       3
       2
       4
       3
       5
       2
       9
       3
       3
       3
       1
       4
       4
       3
       4
       3
       5
       1
       8
       4
       5
       1
       0
       2
       1
       3
       4
       3
       9
       5
       4
       2
       6
       1
       6
       5
       4
       5
       2
       6
       7
       1
       5
       3
       1
       6
       2
       3
       3
       3
       5
       2
       4
       2
       2
       4
       6
       5
       4
       4
       2
       2
       6
       2
       6
       7
       1
      10
       5
       3
       1
       2
       6
       4
       9
       3
       2
       5
       6
       3
       7
       4
       3
       4
       6
       6
       5
       1
       6
       5
       2
       3
       4
       4
       5
       2
       4
       3
       3
       3
       6
       5
       9
       8
       0
       3
       3
       6
       5
       3
       4
       3
       2
       1
       2
       6
       1
       5
       6
       6
       2
       1
       4
       2
       6
       1
       1
       3
       3
       3
       3
       2
       4
       4
       5
       2
       7
       2
       3
       2
       6
       4
       2
       4
       3
       4
       2
       6
       2
       1
       5
       3
       5
       3
       3
       2
       0
       4
       3
       4
       2
       6
       5
       2
       3
       2
       1
       1
       2
       1
       4
       2
       5
       6
       3
       4
       2
       4
       2
       6
       1
       6
       7
       4
       7
       2
       4
       1
       1
       5
       6
       3
       3
       2
       2
       1
       3
       2
       0
       2
       1
       3
       6
       6
       6
       4
       3
       1
      10
       3
       1
       3
       1
       4
       2
       2
       2
       5
       1
       4
       8
       5
       3
       0
       0
       6
       5
       1
       4
       2
       0
       3
       2
       4
       1
       3
       2
       2
       3
       3
       2
       5
       3
       3
       0
       2
       3
       0
       5
       2
       0
       1
       5
       3
       3
       0
       5
       4
       3
       2
       2
       4
       7
       1
       2
       2
       1
       2
       4
       4
       2
       3
       5
       3
       3
       5
       0
       2
       1
       5
       4
       1
       2
       1
       1
       2
       1
       0
       2
       0
       3
       1
       1
       4
       0
       3
       4
       2
       6
       3
       3
       2
       3
       3
       1
       2
       1
       1
       3
       2
       2
       3
       1
       2
       1
       4
       0
       1
       3
       1
       1
       2
       5
       1
       2
       0
       3
       0
       2
       0
       3
       1
       2
       0
       3
       3
       1
       1
       0
       0
       1
       1
       2
       3
       1
       2
       1
       0
       3
       4
       2
       1
       3
       3
       3
       3
       1
       3
       2
       0
       0
       2
       3
       1
       3
       5
       6
       1
       2
       3
       1
       1
       0
       1
       2
       1
       1
       0
       0
       0
       1
       2
       0
       2
       2
       2
       2
       1
       4
       1
       2
       1
       1
       5
       0
       1
       5
       2
       1
       3
       2
       2
       2
       1
       1
       4
       1
       4
       1
       2
       4
       3
       1
       3
       3
       5
       2
       3
       2
       2
       4
       2
       3
       3
       3
       5
       1
       3
       2
       4
       6
       7
       5
       3
       3
       3
       3
       3
       4
       3
       2
       1
       4
       5
       4
       3
       6
       6
       5
       4
       3
       4
       2
       4
       6
       6
       4
       3
       4
       5
       4
       4
       4
       4
      13
       3
       3
       6
       6
      10
       3
       3
       7
       5
       6
       3
       5
       5
       4
       4
       4
      11
       8
       3
       7
       5
       2
       4
       5
       7
       6
       7
       4
      10
      10
       9
       4
       7
       2
       5
       1
       6
       6
       3
       4
       3
       1
       5
      10
       6
       3
       3
       9
       4
       5
       1
       6
       5
       7
       6
       7
       5
       3
       6
       4
       2
       2
       2
       2
       7
       2
       2
       7
       5
       3
       3
       3
       5
       3
       6
       3
       7
       3
       4
       7
       5
       1
       6
       6
       2
       3
       3
       3
       3
       2
       2
       5
       7
       1
       2
       1
       2
       3
       2
       2
       4
       0
       5
       1
       4
       1
       5
       2
       4
       2
       1
       0
       2
       2
       2
       2
       1
       1
       1
       3
       1
       0
       2
       0
       1
       0
       1
       0
       1
       1
       0
       1
       1
       2
       0
       1
       0
       1
       1
       1
       1
       0
       2
       2
       0
       1
       0
       1
       0
       0
       1
       0
       0
       0
       1
       2
       2
       0
       0
       0
       0
       0
       2
       0
       4
       0
       1
       2
       0
       1
       1
       1
       1
       1
       1
       0
       1
       0
       1
       1
       1
       0
       0
       0
       1
       1
       1
       0
       1
       1
       2
       0
       3
       2
       0
       0
       1
       5
       1
       0
       2
       1
       0
       0
       0
       0
       0
       0
       0
       0
       0
       0
       0
       0
       0
       0
       0
       0
       0
       0
       0
       0
       0
       0
       0
       0
       0
       0
       0
       0
       0
       0
       0
       0
       0
       0
       0
       0
       0
       0
       0
       0
       0
       0
       0
       0
       0
       0
       0
       0
       0
       0
       0
       0
       0
       0
       0
       0
       0
       0
       0
       0
       0
       0
       0
       0
       0
       0
       0
       0
       0
       0
       0
       0
       0
       0
       0
       0
       0
       0
       0
       0
       0
$ROI:
1
771 896
$PRESETS:
Live Time
710
0
$ENER_FIT:
0.000000 0.000000
$MCA_CAL:
3
0.000000E+000 0.000000E+000 0.000000E+000 
$SHAPE_CAL:
3
0.000000E+000 0.000000E+000 0.000000E+000
