#$SPEC_ID:
#No sample description was entered.
#$SPEC_REM:
#DET# 1
#DETDESC# LAB4C1 Easy-MCA-2k SN 20066403
#AP# Maestro Version 7.01
#à$DATE_MEA:
#à11/18/2022 10:47:46
#$MEAS_TIM:
#710 710
#$DATA:
#0 2047
       0
       0
       0
       0
       0
       0
       0
       0
       0
       0
      41
      40
      49
      35
      40
      49
      42
      57
      38
      46
      50
      46
      47
      47
      51
      50
      46
      54
      58
      50
      68
      55
      49
      53
      53
      57
      65
      67
      53
      74
      54
      61
      72
      70
      75
      89
      97
      88
      87
     100
     107
      97
      92
      97
      94
      79
      74
      87
      77
      71
      84
      82
      99
      81
     102
      99
      97
      99
     103
     116
     114
     106
     135
      97
     120
     117
     126
     120
     138
     142
     140
     135
     167
     149
     154
     152
     190
     185
     165
     231
     173
     186
     201
     215
     225
     219
     217
     256
     243
     261
     281
     251
     285
     257
     306
     265
     291
     306
     320
     347
     314
     305
     301
     328
     308
     322
     306
     307
     303
     332
     303
     313
     308
     273
     294
     288
     296
     296
     310
     297
     312
     267
     262
     280
     265
     300
     285
     304
     295
     236
     279
     287
     274
     278
     286
     289
     270
     265
     268
     277
     232
     268
     301
     256
     251
     231
     269
     239
     263
     241
     253
     263
     261
     260
     255
     270
     264
     251
     262
     227
     271
     253
     245
     226
     240
     256
     224
     201
     262
     247
     248
     261
     225
     250
     258
     228
     235
     207
     240
     223
     220
     248
     220
     201
     219
     213
     208
     213
     226
     221
     231
     223
     224
     212
     215
     195
     235
     190
     203
     185
     194
     175
     194
     193
     199
     185
     184
     182
     175
     174
     178
     217
     180
     183
     182
     181
     190
     190
     185
     168
     192
     183
     198
     196
     160
     173
     176
     181
     168
     188
     191
     177
     152
     166
     182
     166
     162
     193
     178
     168
     168
     171
     174
     157
     132
     170
     188
     164
     155
     169
     145
     164
     162
     143
     158
     141
     146
     136
     139
     157
     139
     161
     134
     158
     131
     128
     118
     135
     124
     104
     145
     124
     137
     122
     118
     116
     124
     132
     108
     125
     119
     110
     118
     109
     122
     127
      95
     125
      98
     115
      87
     113
     109
     111
     121
     102
      97
     109
     122
     109
     100
     123
     126
     113
     119
     110
     107
     127
      97
      99
     107
     108
     111
      96
     109
     104
      84
      98
      97
     109
      99
      94
      95
      85
      81
      84
      83
      85
      72
      88
      98
      86
      86
      91
      76
      75
      71
      89
      77
      86
      73
      85
      70
      77
      63
      69
      67
      87
      55
      73
      78
      61
      76
      66
      56
      56
      78
      60
      84
      67
      67
      77
      70
      75
      59
      61
      64
      74
      54
      65
      54
      72
      60
      59
      68
      66
      72
      73
      62
      63
      63
      56
      73
      53
      62
      58
      69
      49
      46
      58
      73
      71
      52
      54
      44
      61
      58
      46
      54
      60
      51
      52
      51
      65
      65
      46
      53
      49
      56
      57
      54
      63
      40
      53
      65
      55
      56
      41
      43
      49
      45
      55
      62
      45
      46
      49
      54
      65
      56
      45
      62
      41
      59
      40
      46
      54
      58
      56
      51
      33
      46
      35
      41
      36
      44
      51
      56
      62
      53
      45
      36
      45
      43
      48
      55
      49
      34
      42
      49
      46
      53
      50
      48
      41
      51
      52
      43
      42
      38
      31
      41
      40
      32
      41
      28
      36
      39
      42
      24
      36
      29
      35
      18
      33
      34
      30
      39
      32
      32
      24
      24
      35
      46
      28
      25
      30
      33
      24
      38
      35
      26
      21
      20
      34
      24
      28
      29
      25
      17
      27
      26
      31
      34
      33
      40
      28
      18
      27
      34
      29
      28
      33
      30
      29
      16
      29
      20
      22
      26
      22
      34
      32
      29
      32
      29
      37
      23
      24
      27
      27
      34
      36
      20
      30
      28
      24
      25
      29
      30
      22
      19
      23
      27
      25
      24
      24
      20
      26
      29
      26
      23
      28
      25
      25
      20
      26
      31
      23
      19
      29
      23
      19
      17
      15
      27
      16
      28
      33
      27
      23
      22
      19
      20
      32
      16
      22
      19
      22
      25
      20
      28
      17
      16
      26
      23
      16
      20
      23
      20
      18
      17
      20
      23
      25
      13
      23
      14
      23
      17
      16
      24
      14
      20
      23
      13
      20
      21
      20
      22
      20
      20
      14
      13
      23
      16
      21
      12
      20
      15
      22
      15
      18
      22
      22
      11
      26
      14
      25
      18
      14
      19
      17
      25
      22
      22
      17
      26
      18
      28
      14
      15
      21
      25
      18
      15
      17
      13
      19
      15
      12
      16
      13
      19
      10
      13
      12
       6
      16
      12
      15
      16
      22
      13
      11
      17
      15
      19
      18
      22
      22
      25
      21
      10
      13
      19
      11
      20
      14
      22
      12
      13
      20
       7
      17
      19
      18
      14
      15
      15
      10
      16
      20
      18
      17
      19
      25
      20
      18
      11
      13
      17
      13
      17
      19
      12
      15
      13
       9
      17
      16
      19
      18
      15
      18
      15
      13
      15
      19
      22
      15
      19
      18
      13
      13
      19
      14
      29
      15
      10
      15
      10
      18
      22
      17
      20
      15
      20
      26
      21
      15
      17
      28
      16
      12
      21
      17
      19
      22
      27
      14
      26
      14
      10
      17
      20
      15
      22
      16
      18
      11
      21
      22
      18
      13
      18
      24
      21
      22
      24
      10
      15
      18
      21
      23
      21
      20
      21
      25
      18
      22
      17
      22
      19
      23
      21
      18
      25
      21
      17
      16
      21
      33
      24
      20
      26
      29
      23
      25
      22
      31
      26
      32
      32
      42
      36
      36
      34
      28
      41
      31
      44
      41
      43
      42
      42
      44
      44
      44
      41
      51
      47
      46
      53
      53
      57
      51
      48
      58
      60
      52
      46
      54
      45
      50
      58
      52
      52
      58
      48
      51
      50
      55
      51
      46
      59
      49
      56
      45
      50
      52
      53
      36
      33
      40
      38
      46
      48
      41
      37
      38
      34
      35
      27
      24
      27
      32
      19
      29
      26
      16
      20
      23
      18
      16
      18
      15
      21
      16
      10
      19
      18
      15
      10
      17
      14
      15
      13
      16
      21
       8
      13
       9
      10
      14
      10
      12
       8
       8
       4
       8
       5
       6
       7
       7
       6
       6
       3
      14
       6
      10
       7
      11
       4
       8
       9
       3
       9
      11
       8
       8
      11
       7
       9
       7
       4
      10
      11
       4
       6
       8
       4
       8
      13
       9
      12
       2
       7
       9
      14
       8
       7
       4
       4
      10
       6
      12
       8
       5
       4
       6
       3
       8
       2
       6
       2
       5
      16
      10
       4
      12
      10
       5
       5
      10
       9
       4
      10
       8
       8
       3
       7
       9
      10
       5
       5
       8
       2
       9
       8
       5
       9
       6
      11
       8
       4
       9
       9
       6
       6
      10
       9
       5
       4
       5
      12
       7
       7
       8
       9
       5
       7
      11
       7
       5
       2
       6
       7
       7
       7
      11
       7
       4
       5
       5
       7
       7
       9
      10
       8
      10
       9
       2
      11
       6
       5
       6
      12
       6
      12
       6
       6
       3
       3
      11
       3
       7
      10
       6
       8
       2
       6
       6
       7
      12
       5
       5
       6
       5
       6
       9
       6
       5
       3
       3
       9
       5
       4
       6
       4
       6
      10
       8
       5
       4
       6
       6
       3
       4
      10
       6
       3
       4
       7
       3
       6
      12
       3
       4
       4
      11
       6
       6
       6
       8
       8
       8
       7
       3
       8
       6
       2
       4
       7
       8
       2
       4
       6
       5
       0
       5
       6
       9
       8
       7
       5
       7
       9
       6
       6
       7
       9
      13
       7
       3
      10
       6
       7
       5
       3
       5
       3
       5
       6
       6
       6
       9
       5
       9
       4
       6
       4
      11
       6
       9
       6
       7
       9
       9
      10
      13
       7
       6
       6
       5
       3
       9
       4
       9
       4
       7
       5
       7
       3
       9
       5
       8
       6
       8
       4
       7
       6
       5
       5
       8
       6
       4
       8
       7
       6
       5
       8
       7
       6
       9
       4
       4
       1
       3
       8
       9
       5
      10
       4
       7
       4
       4
       4
       2
       7
       4
       3
      10
       6
       1
       7
       4
       2
       2
       4
      10
       7
       8
       7
       6
       6
       4
       5
       5
       7
       4
       1
       7
       5
       5
      10
       4
       6
       4
       9
       5
       7
       7
       1
       4
       5
       8
       6
       6
       5
       4
       7
       9
       5
       4
       5
       7
       5
       3
       2
       5
       6
       7
       2
       4
       2
       2
       3
       6
       4
       4
       6
       6
       7
       4
       1
       3
       3
       4
       2
       5
       2
       5
       7
       6
       6
       6
       2
       7
       2
       2
       3
       3
       5
       7
       3
       3
       3
       5
       4
       4
       3
      10
       3
       3
       6
       6
       7
       3
       5
       7
       4
       4
       7
       1
       4
       2
       3
       5
       4
       3
       8
       5
       4
       1
       5
       6
       2
       6
       3
       2
       2
       4
       4
       7
       1
       2
       5
       3
       9
       6
       2
       4
       0
       7
       5
       5
       6
      14
       5
       3
       5
       6
       3
       4
       4
       5
       4
       4
       4
       3
       1
       6
       3
       2
       4
       1
       9
       6
       3
       5
       7
       3
       5
       6
       7
       4
       9
      10
       6
       4
       5
       7
       3
       6
       5
       8
       4
       5
       8
       2
       6
       1
       5
       2
       2
       4
       5
       3
       4
       8
       3
       3
       2
       4
       6
       3
       4
       2
       7
       8
       4
       6
       5
       2
       1
       6
       5
       5
       4
       2
       3
       0
       5
       3
       6
       5
       6
       5
       5
      11
       7
       4
       2
       7
       4
       6
       4
       5
       4
       1
       7
       4
       5
       7
       3
       3
       3
       4
       5
       2
       3
       2
       5
       2
       6
       1
       4
       2
       3
       5
       1
       5
       4
       3
       2
       5
       6
       6
       1
       8
       7
       4
       3
       2
       0
       1
       3
       1
       2
       3
       3
       4
       6
       1
      10
       3
       5
       3
       3
       5
       5
       2
       2
       2
       0
       2
       5
       3
       6
       5
       4
       5
       7
       5
       4
       4
       4
       3
       4
       3
       7
       3
       3
       6
       4
       3
       2
       5
       3
       4
       2
       4
       5
       5
       5
       4
       2
       1
       1
       3
       2
       2
       0
       5
       4
       7
       4
       1
       2
       5
       2
       7
       1
       2
       4
       2
       6
       3
       4
       3
       5
       1
       0
       4
       3
       2
       3
       1
       4
       4
       7
       1
       3
       2
       6
       4
       1
       1
       0
       2
       2
       2
       2
       2
       3
       2
       3
       5
       3
       1
       3
       4
       6
       3
       3
       3
       4
       3
       2
       0
       0
       0
       0
       2
       2
       2
       2
       1
       1
       3
       1
       1
       1
       1
       3
       2
       2
       2
       4
       5
       0
       2
       3
       2
       2
       6
       1
       1
       2
       2
       2
       2
       1
       1
       1
       2
       2
       1
       2
       4
       6
       2
       2
       1
       3
       3
       1
       1
       4
       1
       5
       2
       1
       3
       1
       1
       2
       5
       1
       2
       3
       0
       2
       1
       4
       2
       3
       4
       2
       4
       5
       2
       1
       1
       1
       5
       4
       0
       3
       0
       3
       4
       2
       1
       3
       3
       2
       1
       1
       2
       1
       1
       2
       0
       0
       0
       1
       1
       3
       3
       2
       3
       0
       3
       2
       2
       7
       1
       4
       0
       1
       0
       1
       3
       5
       4
       0
       3
       1
       2
       1
       0
       1
       3
       1
       3
       2
       2
       4
       1
       2
       0
       4
       2
       3
       2
       4
       2
       1
       5
       4
       7
       0
       2
       1
       1
       2
       1
       3
       1
       1
       1
       4
       2
       3
       3
       3
       1
       6
       4
       3
       3
       4
       2
       3
       5
       5
       3
       7
       1
       5
       3
       7
       6
       3
       9
       3
       3
       5
       6
       3
       1
       3
       3
       4
       2
       3
       8
       3
       7
       5
       7
       5
      10
       8
      11
       6
       7
       6
       5
       7
       4
       3
       5
       8
       7
      10
       6
       7
       5
       7
       9
       5
       4
       6
       5
       4
       4
       3
       9
       5
       6
       5
       5
       8
       9
       4
       9
       6
       7
       3
       6
       4
       9
       2
       8
       6
       5
       3
       6
      10
       9
       3
       3
       3
       3
       4
       5
       5
       3
       3
       3
       3
       2
       4
       5
       1
       1
       3
       3
       4
       4
       7
       3
       3
       4
       8
       5
       6
       3
       3
       3
       5
       8
       5
       4
       2
       7
       4
       4
       3
       4
       6
       3
       1
       1
       2
       1
       2
       2
       2
       2
       1
       2
       2
       4
       1
       6
       0
       3
       5
       6
       1
       2
       4
       1
       3
       0
       1
       3
       1
       0
       1
       0
       4
       0
       2
       0
       1
       2
       1
       0
       1
       2
       0
       0
       2
       1
       2
       0
       0
       1
       3
       1
       2
       0
       2
       0
       2
       1
       3
       1
       0
       1
       1
       0
       1
       1
       1
       3
       0
       2
       0
       2
       1
       0
       0
       1
       1
       3
       2
       1
       1
       4
       0
       0
       2
       1
       1
       4
       2
       0
       1
       1
       1
       2
       1
       1
       0
       0
       0
       0
       0
       0
       0
       0
       0
       0
       0
       0
       0
       0
       0
       0
       0
       0
       0
       0
       0
       0
       0
       0
       0
       0
       0
       0
       0
       0
       0
       0
       0
       0
       0
       0
       0
       0
       0
       0
       0
       0
       0
       0
       0
       0
       0
       0
       0
       0
       0
       0
       0
       0
       0
       0
       0
       0
       0
       0
       0
       0
       0
       0
       0
       0
       0
       0
       0
       0
       0
       0
       0
       0
       0
       0
       0
       0
       0
       0
#$ROI:
#1
#771 896
#$PRESETS:
#Live Time
#710
#0#
#$ENER_FIT:
#0.000000 0.000000
#$MCA_CAL:
#3#
#0.000000E+000 0.000000E+000 0.000000E+000 
#$SHAPE_CAL:
#3
#0.000000E+000 0.000000E+000 0.000000E+000
