$SPEC_ID:
No sample description was entered.
$SPEC_REM:
DET# 1
DETDESC# LAB4C1 Easy-MCA-2k SN 20066403
AP# Maestro Version 7.01
$DATE_MEA:
11/17/2022 17:51:07
$MEAS_TIM:
710 710
$DATA:
0 2047
       0
       0
       0
       0
       0
       0
       0
       0
       0
       1
      40
      52
      33
      44
      41
      35
      43
      44
      37
      51
      44
      51
      55
      45
      53
      51
      41
      39
      50
      48
      60
      46
      46
      58
      53
      55
      59
      61
      68
      66
      63
      73
      66
      83
      51
      70
      61
      86
      80
     108
      81
      73
      64
      75
      74
      81
      72
      88
      88
      80
      86
      76
      98
     101
     110
     117
      98
      98
     114
     131
     103
     111
     111
     121
     123
     121
     124
     131
     123
     131
     158
     139
     146
     175
     153
     169
     176
     190
     189
     169
     176
     191
     215
     204
     249
     214
     252
     249
     256
     260
     278
     245
     273
     293
     291
     293
     297
     320
     299
     321
     318
     329
     292
     336
     330
     288
     309
     265
     305
     314
     304
     308
     276
     306
     296
     295
     287
     294
     286
     299
     281
     290
     307
     266
     262
     243
     253
     246
     263
     255
     250
     286
     273
     291
     260
     267
     282
     263
     261
     274
     260
     286
     244
     238
     267
     244
     289
     275
     270
     235
     282
     233
     251
     268
     266
     238
     257
     268
     225
     278
     283
     228
     208
     238
     256
     264
     245
     233
     230
     242
     240
     236
     221
     245
     225
     250
     216
     249
     179
     236
     223
     187
     210
     200
     230
     236
     208
     186
     205
     214
     223
     213
     204
     194
     231
     180
     188
     199
     177
     194
     192
     179
     184
     175
     205
     159
     179
     185
     189
     205
     156
     152
     178
     179
     162
     167
     187
     177
     152
     163
     170
     187
     153
     157
     149
     186
     161
     156
     178
     172
     185
     164
     150
     176
     175
     171
     198
     165
     177
     187
     190
     160
     175
     139
     138
     180
     145
     159
     162
     135
     136
     149
     132
     144
     155
     137
     157
     122
     128
     137
     130
     123
     141
     137
     119
     127
     121
     125
     129
     119
     117
     103
     138
     125
     128
     105
     125
     103
     135
     122
     123
     117
     107
     132
     104
     103
     113
     115
     120
      95
     112
     109
     106
     110
     118
     119
     107
     127
     111
      99
      99
      96
     108
      95
      92
     101
     107
      99
     111
      94
      81
      88
      67
      93
      93
      77
      84
      82
     100
     106
      94
      99
      74
      92
      75
      73
      85
      74
      68
      77
      67
      75
      81
      76
      67
      70
      71
      72
      62
      71
      71
      61
      54
      59
      77
      74
      63
      62
      69
      58
      64
      68
      64
      64
      58
      69
      58
      73
      59
      64
      54
      56
      63
      72
      62
      68
      65
      62
      59
      64
      50
      76
      55
      59
      62
      68
      55
      58
      71
      65
      53
      51
      68
      42
      46
      45
      50
      41
      61
      61
      63
      51
      51
      57
      55
      48
      48
      62
      53
      56
      48
      47
      53
      37
      53
      45
      53
      48
      52
      37
      46
      42
      48
      45
      55
      30
      56
      39
      38
      32
      41
      34
      37
      43
      50
      39
      47
      48
      26
      49
      53
      43
      50
      29
      45
      38
      44
      46
      50
      52
      49
      47
      35
      58
      38
      47
      40
      42
      47
      32
      48
      38
      28
      48
      44
      41
      31
      39
      37
      32
      40
      41
      27
      37
      37
      39
      30
      39
      28
      34
      28
      35
      46
      24
      37
      31
      30
      29
      23
      29
      27
      19
      26
      33
      26
      29
      37
      31
      29
      35
      24
      32
      37
      33
      25
      30
      30
      29
      25
      27
      21
      27
      38
      30
      25
      30
      28
      31
      26
      25
      24
      31
      23
      29
      27
      25
      17
      23
      26
      24
      25
      28
      18
      21
      22
      31
      32
      28
      31
      16
      17
      22
      24
      17
      27
      16
      20
      19
      19
      20
      25
      23
      13
      26
      20
      22
      27
      18
      26
      17
      22
      23
      26
      19
      19
      21
      18
      29
      18
      16
      29
      28
      21
      22
      15
      24
      22
      27
      14
      26
      20
      29
      29
      15
      24
      15
      30
      18
      19
      24
      21
      15
      24
      21
      25
      24
      22
      14
      24
      11
      18
      12
      23
      18
      27
      28
      21
      19
      19
      19
      20
      17
      23
      11
      28
      20
      13
      23
      19
      18
      22
      24
      21
      20
      18
      21
      14
      24
      12
      19
      20
      20
      22
      20
      24
      15
      12
      27
      21
      16
      23
      19
      16
      11
      12
      18
      12
      20
      25
      18
      13
      14
      10
      18
      22
      23
      19
      17
      18
      10
      20
      23
      20
      15
      17
      17
      14
      13
      11
      20
      16
      14
       9
       9
      23
      26
      21
      14
      14
      16
      18
      13
      12
      16
      19
       5
      19
      15
      16
      15
      14
      19
      12
      13
      21
      13
      19
      16
      15
      19
      10
      10
      14
      15
      24
      20
       8
      19
      19
      12
      11
      10
      17
       7
      19
      20
      17
      19
      14
      17
      15
      11
      12
      16
      22
      13
       8
      18
      19
      19
      14
      30
      19
      19
      10
      19
      13
      22
      16
      19
      19
      17
      20
      15
      28
      19
      17
      11
      26
      13
      15
      13
      19
      18
      17
      19
      20
      20
      16
      29
      27
      20
      20
      21
      17
      24
      16
      18
      20
      17
      21
      13
      14
      15
       7
      19
      23
      16
      16
      15
      17
      11
      14
      14
      17
      15
      22
      15
      18
      15
      10
      14
      20
      15
      15
      15
      11
      20
      26
      16
      19
      16
      19
      19
      23
      16
      22
      20
      27
      25
      21
      16
      23
      28
      27
      27
      25
      19
      23
      17
      32
      24
      33
      21
      32
      27
      32
      26
      30
      24
      28
      32
      29
      35
      23
      28
      30
      25
      39
      29
      34
      33
      25
      35
      40
      26
      21
      28
      30
      34
      33
      30
      24
      28
      28
      29
      27
      28
      21
      19
      26
      21
      31
      23
      21
      17
      24
      18
      17
      28
      12
      21
      25
      19
      21
      24
      19
      19
      11
       9
      13
       7
      10
       8
      14
       8
      16
      13
      17
      13
      11
      12
      13
      13
       9
       6
       6
      10
       5
      10
       9
       9
      14
       7
       8
       8
       9
       8
       6
       9
      10
       4
      10
       5
       8
      10
       9
      12
      14
       6
       5
       8
       4
       4
       5
       8
      11
       4
       7
       9
       8
       9
       6
       5
       8
       9
       3
       7
      11
       6
       3
       5
       5
      10
       7
       6
       9
       7
      12
       9
      10
       2
       3
       5
      10
      11
       3
       9
       9
       5
       7
       5
       8
       5
       5
       9
       7
      10
       9
       3
       6
       4
       8
       7
       9
      13
       4
       6
       6
       8
       6
       8
       4
       9
       6
       2
       7
       7
       4
       9
       3
       3
       6
       7
       4
       5
       7
       4
       4
       9
       9
       2
       8
       3
       9
       5
       5
       6
       8
       2
       9
       7
       5
       5
      11
       6
       5
       4
       5
       3
       4
       5
       5
       8
       7
       6
       2
       4
       5
       7
       7
       8
      10
       7
       4
       3
       6
       7
       9
       7
       5
       9
       9
       5
       9
       4
       9
       6
       2
       5
       8
       7
       7
       7
       7
       3
       4
      10
       2
       4
       5
       7
       4
       4
       5
       6
       5
       5
       7
       8
       7
       6
       9
       7
       5
       8
       5
       7
       8
      10
       5
       9
       6
      10
       6
       6
       6
       1
       7
       3
       5
       7
       6
       5
       8
       9
       6
       4
       6
       7
       4
      10
       4
       9
       7
       5
       5
       6
       8
       6
       1
       2
       5
       5
       7
       3
       4
       9
       3
       7
       9
       2
       6
       3
       5
       9
       7
       6
       9
       4
       7
       8
       7
       8
       4
       4
       2
       4
      10
       4
       5
       7
       7
      10
       4
       8
       8
      12
       5
       5
       3
       4
       5
       6
       5
       8
       6
       8
       9
       5
      13
       2
       8
       7
       8
       6
       3
       3
       9
       6
       9
       3
      14
       6
      12
       7
       7
       6
       5
       0
       5
       5
       8
       5
       9
       5
       7
       5
       6
      10
       5
       3
       4
       3
       5
       5
       6
       4
       1
       6
       3
       4
       5
       3
       4
       1
       6
       7
       7
       8
       6
       6
       5
       4
       5
       7
       5
       5
       4
       5
       6
       4
       6
       7
       6
       6
       5
      10
       3
       5
       6
       5
       2
       3
       1
       5
       4
       1
       2
       7
       5
       6
       4
      12
       6
       3
       4
       3
       4
       4
       8
       5
       5
       2
       4
       5
       8
       5
       4
       5
       2
       0
       5
       8
       2
       2
       6
       5
       6
       5
       8
       7
       4
       9
       8
       4
       7
       4
       8
       2
       1
       5
       8
       2
       6
       1
       2
       3
       3
       3
       1
       2
       5
       6
       7
       5
       3
       5
       4
       7
       5
       2
       5
       6
       3
       6
       6
       2
       2
       4
       5
       3
       3
       3
       7
       3
       3
       5
       6
       6
       4
       6
       3
       5
       2
       5
       5
       2
       5
       2
       5
       6
       2
       2
       5
       5
       2
       5
       4
       5
       3
       6
       3
       5
       6
       7
       9
       3
       3
       6
       5
       5
       6
       6
       3
       2
       3
       5
       7
       4
       1
       4
       5
       5
       8
       1
       5
       5
       3
       7
       3
       0
       4
       4
       2
       4
       5
       8
       5
       2
       5
       3
       5
       2
       9
       4
       7
       1
       6
       6
       2
       8
       8
       4
       5
       5
       4
       3
       5
       2
      10
       4
       2
       5
       6
       3
       5
       3
       2
       3
       5
       9
       7
       5
       6
       1
       6
       7
       5
       5
       3
       4
       8
       5
       3
       6
       2
       9
       2
       0
       5
       2
       3
       8
       3
       6
       3
       1
       6
       4
       6
       5
       5
       1
       1
       2
       6
       4
       5
       4
       5
      11
       4
       2
       2
       3
       5
       4
       1
       6
       3
       3
       3
       3
       6
       1
       3
       2
       4
       5
       3
       3
       2
       3
       6
       3
       5
       1
       6
       5
       7
       2
       4
       6
       2
       4
       2
       1
       3
       5
       1
       2
       4
       3
       2
       3
       3
       3
       6
       3
       1
       5
       1
       1
       2
       5
       4
       2
       1
       5
       5
       2
       2
       6
       2
       4
       4
       5
       3
       2
       3
       7
       7
       3
       4
       0
       3
       4
       2
       3
       3
       3
       3
       2
       2
       4
       3
       4
       3
       3
       3
       2
       2
       2
       5
       4
       0
       2
       0
       2
       3
       2
       2
       2
       4
       3
       1
       2
       0
       3
       0
       2
       5
       1
       2
       2
       1
       4
       0
       2
       1
       1
       3
       5
       3
       0
       0
       1
       3
       4
       0
       2
       3
       1
       3
       2
       4
       3
       2
       1
       1
       0
       1
       3
       2
       2
       6
       2
       4
       1
       4
       0
       3
       2
       1
       1
       1
       3
       2
       5
       1
       2
       1
       4
       2
       2
       2
       2
       1
       3
       3
       3
       1
       3
       1
       2
       1
       3
       1
       3
       2
       2
       3
       2
       2
       2
       1
       1
       5
       1
       1
       0
       0
       1
       0
       4
       1
       0
       0
       1
       1
       3
       2
       1
       1
       2
       3
       0
       3
       2
       2
       2
       2
       3
       3
       2
       2
       4
       1
       1
       0
       0
       2
       2
       2
       5
       2
       1
       5
       3
       1
       5
       2
       1
       1
       3
       0
       1
       2
       2
       3
       4
       1
       5
       4
       2
       3
       1
       1
       1
       1
       2
       2
       3
       1
       3
       1
       5
       5
       1
       2
       5
       3
       7
       5
       3
       5
       6
       5
       6
       4
       2
       2
       5
       2
       1
       5
       4
       5
       3
       6
       4
       2
       1
       3
       4
       6
       4
       0
       3
       7
       1
       2
       5
       3
       4
       1
       3
       3
       4
       6
       5
       6
       9
       4
      11
       7
       7
      11
       5
       5
      10
       8
       5
      10
       6
       7
       6
       4
       3
       3
       7
      12
       7
       3
       4
      10
       4
       3
       6
       7
       6
      13
       5
      11
       7
       7
      10
       9
       6
       8
       6
       4
       6
       6
       6
       7
       7
       8
      12
      10
       4
       3
       6
       8
       5
      10
       5
       7
       6
       8
       6
       9
       4
       2
       3
       4
       8
       4
       8
       7
       7
       8
       7
       4
       4
       5
       1
       7
       2
       4
       5
       4
       5
       5
       6
       7
       2
       3
       7
       2
       8
       6
       5
       4
       4
       1
       5
       1
       2
       1
       5
       1
       2
       5
       5
       2
       2
       4
       3
       2
       2
       2
       7
       2
       3
       2
       1
       2
       3
       3
       3
       6
       3
       6
       2
       1
       1
       0
       3
       1
       4
       2
       0
       0
       3
       1
       2
       1
       2
       1
       1
       1
       1
       0
       2
       3
       0
       0
       0
       1
       2
       0
       2
       4
       1
       1
       2
       2
       3
       1
       2
       0
       0
       0
       1
       0
       0
       1
       1
       1
       0
       0
       0
       2
       2
       1
       0
       5
       3
       1
       2
       2
       1
       1
       1
       0
       1
       1
       1
       2
       3
       3
       1
       1
       0
       0
       2
       0
       0
       1
       1
       0
       0
       0
       1
       0
       1
       2
       1
       1
       0
       0
       1
       0
       3
       2
       1
       1
       0
       0
       0
       0
       0
       0
       0
       0
       0
       0
       0
       0
       0
       0
       0
       0
       0
       0
       0
       0
       0
       0
       0
       0
       0
       0
       0
       0
       0
       0
       0
       0
       0
       0
       0
       0
       0
       0
       0
       0
       0
       0
       0
       0
       0
       0
       0
       0
       0
       0
       0
       0
       0
       0
       0
       0
       0
       0
       0
       0
       0
       0
       0
       0
       0
       0
       0
       0
       0
       0
       0
       0
       0
       0
       0
       0
       0
       0
       0
$ROI:
1
771 896
$PRESETS:
Live Time
710
0
$ENER_FIT:
0.000000 0.000000
$MCA_CAL:
3
0.000000E+000 0.000000E+000 0.000000E+000 
$SHAPE_CAL:
3
0.000000E+000 0.000000E+000 0.000000E+000
