#$SPEC_ID:
#No sample description was entered.
#$SPEC_REM:
#DET# 1
#DETDESC# LAB4C1 Easy-MCA-2k SN 20066403
#AP# Maestro Version 7.01
#$DATE_MEA:
#11/16/2022 12:46:10
#$MEAS_TIM:
#92111 92163
#$DATA:
#0 2047
       0
       0
      38
      24
       6
       1
       1
       4
       5
      13
    5302
    4310
    4450
    4528
    4616
    4600
    4712
    4675
    4990
    4798
    5005
    5101
    5192
    5132
    5306
    5376
    5476
    5756
    5543
    5761
    5790
    5902
    5908
    5896
    6125
    6365
    6509
    6751
    7017
    7131
    7421
    7583
    7694
    7683
    8054
    8093
    8134
    8331
    8610
    8588
    8559
    8401
    8662
    8624
    8660
    8684
    8751
    8813
    8831
    9072
    9136
    9278
    9536
    9937
   10061
   10592
   10822
   11112
   11319
   11577
   11723
   12168
   12312
   12674
   12805
   13250
   13430
   13967
   14578
   14995
   15317
   16058
   16314
   17045
   17533
   18442
   18824
   19543
   20347
   20854
   21274
   21876
   22538
   23293
   24114
   24693
   25186
   25825
   26470
   27253
   28336
   28775
   29790
   30653
   31630
   32484
   33351
   34659
   35234
   35992
   36417
   36822
   37173
   36762
   36505
   36957
   36403
   36145
   35569
   35177
   34645
   34655
   34417
   34508
   34354
   34430
   34513
   34053
   33917
   34120
   33533
   33440
   33423
   33209
   32523
   32617
   32521
   32073
   32011
   31973
   31563
   31518
   31498
   31467
   31385
   31264
   30963
   30775
   30868
   30700
   30773
   30691
   30094
   30451
   30272
   30066
   30025
   30028
   29639
   29738
   30000
   29467
   29575
   29387
   29418
   29100
   29223
   28904
   28721
   28758
   28333
   28573
   28337
   28283
   28383
   28067
   27975
   27891
   27778
   27665
   27518
   27233
   27139
   26566
   26756
   26655
   26574
   26222
   26228
   26117
   25968
   25780
   25592
   25303
   25274
   25131
   24917
   24916
   24471
   24473
   24261
   24164
   23999
   23887
   23752
   23180
   23412
   22911
   22777
   22523
   22498
   22484
   22465
   22064
   22036
   21953
   21488
   21623
   21140
   21103
   20912
   20941
   20908
   20475
   20287
   20387
   20145
   20014
   20158
   19797
   19555
   19399
   19493
   19411
   19068
   19108
   18729
   18613
   18646
   18691
   18737
   18294
   17937
   18190
   18158
   17998
   18018
   17520
   17852
   17718
   17488
   17494
   17314
   17017
   17043
   16740
   16856
   16690
   16752
   16580
   16467
   16386
   16210
   16250
   15907
   15983
   15781
   15883
   15534
   15526
   15323
   15330
   15274
   15133
   14777
   14682
   14867
   14409
   14698
   14479
   14508
   14038
   14537
   14216
   14069
   14090
   13959
   13845
   13648
   13864
   13484
   13647
   13495
   13577
   13542
   13245
   13264
   13335
   13023
   13242
   13211
   13217
   13142
   13073
   13296
   13039
   12900
   12987
   13231
   13086
   13038
   13027
   12953
   12898
   12682
   13141
   12868
   12906
   12664
   12951
   12787
   12690
   12674
   12465
   12435
   12241
   12341
   12250
   12147
   11600
   11680
   11740
   11640
   11402
   11021
   10933
   10650
   10807
   10606
   10483
   10186
   10205
   10068
    9903
    9676
    9596
    9421
    9287
    9241
    9142
    9057
    8859
    8736
    8689
    8617
    8680
    8563
    8371
    8372
    8229
    8269
    8340
    8100
    8051
    7900
    7992
    8064
    7997
    7755
    7856
    7936
    7797
    7764
    7729
    7635
    7651
    7776
    7680
    7759
    7585
    7581
    7495
    7744
    7523
    7446
    7331
    7448
    7376
    7457
    7393
    7210
    7215
    7158
    7193
    7032
    6991
    7226
    7029
    6924
    6888
    6902
    6762
    6913
    6571
    6551
    6489
    6562
    6639
    6328
    6386
    6244
    6256
    6204
    6128
    6055
    6010
    6027
    5912
    5912
    5754
    5850
    5696
    5661
    5636
    5608
    5567
    5504
    5634
    5635
    5412
    5598
    5423
    5500
    5478
    5488
    5313
    5517
    5539
    5391
    5401
    5456
    5498
    5555
    5466
    5621
    5508
    5485
    5520
    5574
    5535
    5576
    5573
    5523
    5467
    5630
    5567
    5493
    5577
    5512
    5555
    5461
    5440
    5485
    5427
    5429
    5272
    5292
    5202
    5244
    5272
    5221
    5229
    5152
    5168
    5007
    4925
    4938
    4741
    4805
    4902
    4720
    4593
    4616
    4588
    4535
    4358
    4341
    4428
    4121
    4057
    4200
    3990
    3910
    3934
    3784
    3804
    3778
    3815
    3715
    3594
    3630
    3542
    3581
    3452
    3401
    3654
    3367
    3350
    3457
    3373
    3373
    3340
    3325
    3286
    3313
    3284
    3241
    3125
    3186
    3077
    3070
    3113
    3168
    3125
    3114
    3087
    3071
    3051
    2963
    3092
    3045
    2999
    3005
    3030
    2893
    3123
    2952
    2990
    2947
    2876
    2964
    2935
    2928
    3001
    2915
    2852
    2824
    2850
    2857
    2851
    2706
    2780
    2719
    2812
    2754
    2767
    2647
    2714
    2709
    2721
    2710
    2695
    2635
    2641
    2598
    2695
    2663
    2672
    2563
    2593
    2493
    2654
    2640
    2570
    2539
    2578
    2522
    2543
    2496
    2499
    2528
    2576
    2559
    2440
    2499
    2415
    2408
    2467
    2403
    2455
    2348
    2537
    2469
    2510
    2483
    2473
    2459
    2382
    2373
    2384
    2448
    2347
    2378
    2400
    2412
    2379
    2301
    2413
    2333
    2255
    2254
    2307
    2349
    2300
    2242
    2408
    2206
    2235
    2299
    2316
    2226
    2324
    2261
    2232
    2238
    2207
    2286
    2215
    2281
    2301
    2228
    2152
    2235
    2189
    2179
    2271
    2249
    2202
    2206
    2267
    2153
    2287
    2173
    2189
    2235
    2201
    2111
    2219
    2277
    2240
    2265
    2165
    2171
    2167
    2258
    2297
    2133
    2159
    2137
    2207
    2158
    2175
    2164
    2157
    2203
    2133
    2232
    2194
    2194
    2187
    2139
    2137
    2215
    2225
    2131
    2101
    2158
    2080
    2179
    2160
    2019
    2009
    2066
    2035
    2025
    2023
    2064
    2054
    2018
    1983
    2043
    1990
    1935
    1948
    1836
    1890
    1949
    1926
    1863
    1853
    1900
    1822
    1854
    1855
    1753
    1788
    1769
    1816
    1811
    1791
    1770
    1852
    1817
    1813
    1789
    1786
    1704
    1822
    1807
    1856
    1746
    1795
    1790
    1753
    1781
    1765
    1777
    1850
    1693
    1742
    1860
    1824
    1841
    1847
    1820
    1863
    1881
    1908
    1867
    1851
    1857
    1894
    1911
    1925
    1870
    1937
    2006
    1996
    1987
    2098
    1959
    2075
    2044
    2066
    2103
    2123
    2044
    2154
    2157
    2200
    2156
    2138
    2139
    2055
    2161
    2139
    2105
    2107
    2138
    2163
    2290
    2217
    2198
    2189
    2212
    2147
    2145
    2160
    2219
    2200
    2186
    2207
    2231
    2128
    2131
    2181
    2245
    2131
    2179
    2076
    2116
    2223
    2182
    2064
    2052
    2132
    2049
    2069
    1953
    2010
    2057
    1936
    1942
    1906
    1961
    1834
    1940
    1806
    1849
    1801
    1780
    1804
    1761
    1742
    1664
    1685
    1701
    1588
    1600
    1567
    1550
    1518
    1516
    1495
    1545
    1460
    1527
    1413
    1415
    1416
    1354
    1433
    1484
    1336
    1285
    1269
    1268
    1266
    1275
    1264
    1336
    1233
    1251
    1262
    1290
    1244
    1188
    1151
    1232
    1208
    1212
    1190
    1092
    1175
    1138
    1200
    1188
    1151
    1160
    1087
    1140
    1156
    1096
    1132
    1152
    1109
    1077
    1073
    1161
    1110
    1110
    1070
    1106
    1133
    1056
    1061
    1053
    1046
    1050
    1049
    1120
    1067
    1119
    1056
    1095
    1107
    1071
    1012
    1088
    1040
    1077
    1062
     973
    1017
    1081
    1072
    1027
    1023
    1030
    1109
    1031
    1090
    1026
    1033
    1084
    1078
    1042
    1001
     984
    1023
     991
    1030
     975
    1075
    1097
     986
    1048
    1009
    1082
    1089
    1019
    1011
     972
    1015
    1019
    1013
    1035
     973
    1014
    1027
    1032
    1068
    1019
    1011
    1000
     992
    1035
    1012
    1056
    1049
    1007
    1018
    1042
    1005
     974
    1027
    1051
    1022
    1014
     963
    1013
    1049
    1038
     965
    1036
     963
    1046
    1030
     951
     959
     968
     982
     960
     995
     925
    1000
    1043
     995
     963
     984
     976
     971
     929
     950
     962
     896
     963
     992
     961
     987
     956
     991
     970
     981
     902
    1010
     907
     976
     955
     995
     911
     994
     938
     953
     957
     975
     949
     949
     955
     982
     916
     896
     957
     915
     919
     911
     975
     916
     917
     977
     908
     957
     901
     946
     914
     935
     951
     931
     905
     884
     898
     912
     921
     879
     896
     853
     892
     872
     933
     870
     917
     891
     833
     934
     846
     862
     831
     902
     846
     862
     871
     835
     855
     822
     845
     846
     836
     825
     798
     816
     860
     796
     778
     837
     826
     765
     849
     792
     830
     861
     808
     821
     809
     811
     794
     786
     809
     773
     770
     802
     783
     837
     766
     794
     788
     786
     805
     779
     778
     795
     777
     806
     838
     758
     780
     812
     773
     750
     777
     783
     819
     779
     799
     788
     814
     789
     742
     803
     787
     799
     755
     780
     806
     801
     806
     781
     797
     801
     783
     751
     795
     794
     785
     825
     742
     820
     801
     748
     760
     782
     798
     812
     825
     827
     799
     796
     791
     787
     792
     833
     858
     845
     834
     808
     794
     809
     807
     788
     812
     861
     802
     829
     820
     830
     796
     887
     831
     906
     851
     862
     886
     836
     836
     838
     817
     891
     875
     830
     858
     905
     897
     866
     854
     890
     900
     896
     898
     854
     861
     827
     879
     869
     881
     850
     840
     872
     884
     845
     914
     893
     855
     830
     877
     831
     876
     829
     841
     862
     819
     858
     850
     862
     871
     835
     869
     840
     817
     841
     807
     827
     775
     780
     783
     833
     831
     796
     771
     802
     849
     808
     856
     902
     771
     804
     825
     804
     825
     844
     795
     804
     778
     793
     790
     774
     778
     764
     795
     768
     782
     741
     792
     746
     769
     812
     755
     787
     751
     751
     742
     757
     759
     753
     723
     728
     812
     780
     699
     701
     730
     707
     718
     696
     728
     705
     713
     741
     723
     678
     678
     681
     669
     707
     693
     679
     625
     642
     657
     662
     665
     622
     648
     658
     594
     624
     644
     622
     666
     664
     638
     613
     612
     619
     588
     633
     614
     602
     620
     609
     577
     632
     584
     600
     619
     558
     535
     638
     593
     580
     605
     547
     581
     552
     558
     580
     595
     548
     548
     564
     554
     518
     568
     534
     525
     533
     585
     598
     547
     544
     549
     582
     590
     543
     534
     559
     567
     540
     500
     540
     531
     534
     540
     550
     509
     582
     534
     537
     517
     530
     563
     553
     585
     594
     558
     554
     517
     496
     563
     543
     518
     507
     523
     577
     528
     591
     562
     530
     569
     543
     573
     542
     539
     564
     555
     553
     571
     551
     589
     559
     555
     590
     521
     549
     543
     573
     557
     589
     540
     570
     567
     566
     584
     579
     563
     590
     584
     620
     590
     612
     579
     628
     566
     626
     582
     565
     590
     607
     625
     628
     635
     594
     617
     618
     603
     661
     608
     606
     637
     613
     554
     630
     656
     651
     623
     612
     578
     644
     655
     644
     621
     675
     648
     676
     599
     641
     639
     677
     584
     654
     607
     664
     597
     631
     628
     584
     592
     658
     658
     641
     554
     627
     602
     639
     631
     628
     561
     639
     649
     611
     570
     568
     635
     608
     558
     551
     555
     608
     547
     569
     589
     514
     541
     556
     599
     635
     543
     548
     544
     588
     561
     548
     540
     551
     600
     548
     540
     563
     525
     528
     514
     554
     512
     514
     529
     543
     529
     517
     556
     516
     520
     511
     540
     460
     521
     475
     523
     522
     527
     528
     488
     476
     502
     479
     472
     454
     439
     451
     488
     481
     468
     495
     486
     486
     509
     466
     473
     448
     458
     476
     427
     452
     473
     473
     461
     433
     438
     436
     446
     462
     475
     477
     491
     418
     429
     469
     444
     457
     424
     450
     428
     448
     428
     424
     449
     435
     458
     457
     452
     399
     389
     394
     398
     401
     421
     469
     423
     468
     437
     393
     417
     422
     424
     417
     411
     433
     379
     380
     384
     426
     386
     401
     402
     366
     395
     348
     383
     357
     372
     374
     367
     392
     379
     367
     377
     349
     398
     345
     377
     351
     382
     363
     353
     381
     349
     331
     349
     337
     335
     325
     348
     318
     316
     312
     344
     335
     329
     291
     345
     330
     308
     321
     317
     319
     312
     299
     292
     322
     316
     301
     283
     296
     320
     318
     301
     300
     306
     298
     313
     298
     267
     284
     276
     305
     283
     232
     267
     283
     309
     274
     273
     258
     246
     297
     261
     281
     275
     254
     286
     282
     285
     283
     250
     270
     286
     270
     254
     235
     256
     261
     267
     246
     241
     269
     261
     275
     258
     228
     244
     262
     263
     277
     238
     222
     250
     233
     238
     244
     253
     245
     225
     273
     249
     262
     255
     223
     250
     245
     256
     250
     226
     259
     239
     240
     255
     250
     261
     270
     243
     254
     253
     244
     258
     257
     237
     241
     248
     250
     274
     245
     266
     259
     276
     249
     260
     241
     271
     255
     283
     249
     310
     260
     238
     252
     281
     297
     258
     253
     258
     263
     299
     282
     270
     260
     279
     284
     262
     274
     309
     311
     309
     285
     311
     286
     300
     278
     301
     318
     311
     315
     311
     379
     338
     371
     318
     322
     361
     394
     333
     391
     380
     335
     343
     401
     372
     392
     374
     325
     356
     415
     423
     397
     424
     411
     404
     448
     484
     499
     441
     469
     474
     478
     488
     508
     497
     535
     525
     501
     536
     542
     509
     571
     570
     581
     573
     614
     621
     627
     614
     597
     684
     605
     665
     614
     668
     718
     650
     678
     675
     682
     694
     766
     719
     708
     751
     741
     722
     772
     759
     758
     822
     797
     810
     857
     848
     791
     813
     848
     856
     848
     845
     860
     911
     845
     823
     903
     887
     925
     857
     855
     832
     880
     838
     919
     862
     846
     858
     873
     794
     866
     810
     846
     838
     817
     848
     782
     779
     813
     782
     807
     813
     798
     783
     798
     746
     772
     757
     729
     778
     727
     736
     714
     689
     714
     654
     686
     700
     642
     590
     662
     639
     591
     619
     628
     592
     556
     596
     614
     551
     549
     570
     523
     514
     478
     516
     469
     486
     458
     476
     497
     441
     467
     419
     429
     398
     438
     419
     411
     406
     420
     390
     337
     364
     359
     325
     332
     319
     322
     327
     294
     276
     333
     282
     279
     289
     261
     274
     261
     260
     237
     241
     214
     248
     227
     246
     234
     222
     199
     224
     200
     228
     202
     216
     213
     200
     177
     182
     192
     179
     208
     191
     187
     177
     168
     176
     177
     174
     163
     184
     145
     171
     156
     152
     176
     144
     141
     178
     173
     153
     148
     131
      20
       0
       0
       0
       0
       0
       0
       0
       0
       0
       0
       0
       0
       0
       0
       0
       0
       0
       0
       0
       0
       0
       0
       0
       0
       0
       0
       0
       0
       0
       0
       0
       0
       0
       0
       0
       0
       0
       0
       0
       0
       0
       0
       0
       0
       0
       0
       0
       0
       0
       0
       0
       0
       0
       0
       0
       0
       0
       0
       0
       0
       0
       0
       0
       0
       0
       0
       0
       0
       0
       0
       0
       0
       0
       0
       0
       0
       0
       0
#$ROI:
#1
#813 902
#$PRESETS:
#None
#0
#0
#$ENER_FIT:
#0.000000 0.000000
#$MCA_CAL:
#3
#0.000000E+000 0.000000E+000 0.000000E+000 
#$SHAPE_CAL:
#3
#0.000000E+000 0.000000E+000 0.000000E+000
