$SPEC_ID:
No sample description was entered.
$SPEC_REM:
DET# 1
DETDESC# LAB4C1 Easy-MCA-2k SN 20066403
AP# Maestro Version 7.01
$DATE_MEA:
11/17/2022 15:57:21
$MEAS_TIM:
2060 2063
$DATA:
0 2047
       0
       0
       0
       0
       0
       0
       0
       0
       1
       1
     343
     298
     330
     367
     354
     345
     344
     379
     377
     358
     413
     367
     365
     393
     392
     395
     414
     374
     412
     397
     437
     436
     436
     409
     440
     432
     452
     441
     517
     473
     464
     483
     492
     498
     441
     472
     491
     562
     507
     512
     519
     519
     512
     491
     560
     509
     500
     513
     542
     554
     534
     528
     567
     474
     541
     607
     591
     616
     659
     650
     646
     626
     664
     688
     681
     733
     689
     685
     748
     767
     823
     766
     784
     769
     826
     908
     850
     872
    1003
     996
     896
     932
     990
    1074
    1075
    1063
    1038
    1078
    1133
    1167
    1131
    1167
    1180
    1217
    1214
    1266
    1260
    1351
    1251
    1364
    1287
    1309
    1360
    1402
    1335
    1313
    1309
    1338
    1258
    1278
    1255
    1266
    1329
    1281
    1383
    1321
    1322
    1302
    1311
    1275
    1231
    1259
    1257
    1206
    1323
    1267
    1298
    1284
    1277
    1228
    1210
    1256
    1212
    1255
    1276
    1224
    1253
    1227
    1173
    1195
    1229
    1192
    1217
    1240
    1197
    1240
    1183
    1200
    1181
    1193
    1195
    1218
    1226
    1205
    1240
    1214
    1159
    1252
    1187
    1148
    1155
    1189
    1174
    1254
    1180
    1146
    1191
    1146
    1174
    1192
    1170
    1103
    1135
    1154
    1103
    1173
    1094
    1047
    1129
    1090
    1116
    1037
    1079
    1068
    1111
    1051
    1091
    1030
    1041
    1044
    1062
    1060
    1042
    1083
    1050
     999
     971
    1020
    1037
    1043
     998
    1020
    1051
     999
    1024
     994
     985
    1005
     994
    1003
    1026
    1008
    1033
    1031
     987
    1001
    1024
     995
     985
    1049
     982
    1094
    1040
    1032
    1072
    1044
    1030
    1038
    1045
    1041
    1056
    1039
    1080
    1050
    1094
    1040
    1056
    1046
    1002
    1017
    1015
    1066
    1039
     993
    1051
    1080
     944
    1020
     943
     967
    1001
    1017
    1008
     873
     938
     949
     893
     909
     901
     877
     928
     922
     917
     857
     858
     906
     888
     852
     899
     918
     875
     842
     873
     801
     839
     815
     831
     838
     826
     815
     791
     798
     770
     786
     788
     783
     803
     804
     813
     820
     808
     766
     745
     767
     755
     748
     720
     790
     728
     733
     716
     767
     746
     732
     742
     684
     732
     749
     743
     645
     712
     714
     703
     650
     662
     666
     677
     655
     648
     624
     625
     658
     613
     599
     618
     608
     599
     631
     578
     579
     566
     584
     586
     542
     591
     544
     541
     585
     544
     507
     530
     548
     559
     517
     554
     538
     538
     533
     479
     517
     493
     508
     578
     526
     542
     476
     463
     497
     522
     488
     496
     501
     478
     461
     513
     461
     473
     510
     512
     457
     490
     437
     484
     461
     449
     468
     466
     477
     512
     489
     458
     474
     502
     478
     454
     456
     473
     472
     460
     432
     438
     436
     455
     454
     487
     433
     403
     447
     455
     428
     423
     394
     409
     408
     416
     421
     434
     398
     365
     395
     395
     387
     407
     365
     371
     370
     367
     371
     311
     414
     386
     347
     331
     367
     328
     300
     339
     321
     342
     333
     325
     331
     331
     304
     286
     291
     274
     329
     300
     289
     304
     307
     288
     312
     287
     280
     292
     269
     281
     266
     266
     260
     251
     263
     255
     264
     263
     224
     246
     239
     222
     208
     256
     219
     220
     233
     202
     222
     195
     213
     191
     211
     190
     206
     214
     201
     184
     201
     180
     208
     216
     182
     188
     198
     195
     174
     183
     179
     181
     166
     179
     171
     176
     181
     167
     179
     139
     173
     154
     134
     184
     181
     167
     172
     169
     172
     146
     182
     161
     155
     137
     168
     161
     181
     149
     154
     175
     176
     163
     128
     148
     157
     178
     152
     169
     169
     169
     162
     166
     164
     162
     138
     141
     163
     173
     117
     160
     145
     144
     177
     147
     154
     126
     150
     146
     154
     139
     136
     166
     143
     180
     168
     148
     153
     150
     131
     145
     152
     169
     163
     147
     188
     155
     145
     148
     171
     166
     157
     160
     172
     174
     172
     173
     153
     164
     190
     187
     181
     188
     201
     195
     185
     193
     206
     164
     167
     202
     239
     218
     220
     246
     238
     237
     279
     260
     276
     291
     267
     319
     325
     348
     360
     324
     423
     382
     409
     440
     460
     460
     541
     550
     545
     584
     639
     637
     669
     752
     759
     764
     796
     826
     874
     938
     950
    1011
    1035
    1102
    1113
    1173
    1189
    1242
    1333
    1287
    1337
    1368
    1374
    1470
    1481
    1471
    1560
    1532
    1505
    1574
    1657
    1573
    1626
    1658
    1589
    1642
    1580
    1680
    1718
    1603
    1520
    1499
    1488
    1502
    1490
    1420
    1365
    1393
    1382
    1322
    1327
    1244
    1186
    1141
    1114
    1086
    1055
     981
     972
     888
     851
     805
     769
     708
     629
     661
     625
     595
     563
     501
     487
     399
     441
     354
     344
     344
     305
     330
     288
     287
     238
     233
     202
     206
     187
     184
     174
     148
     174
     173
     157
     142
     126
     123
     122
     102
     107
     104
     116
     103
     102
     100
      91
     106
     111
     102
     108
      93
      95
      78
     103
      95
      86
      96
     104
      82
      98
     108
     100
      95
     116
     121
      82
      91
      98
      88
     100
      95
      93
      86
     105
     102
      90
      91
      85
      92
     101
      87
     117
      97
     116
      80
      99
      93
     108
      85
     103
      87
     106
      92
      93
      91
      75
      76
      87
      94
      94
     103
      90
      95
     102
      84
      95
     101
      94
      82
      90
      87
      78
      80
      81
      97
     105
      92
      84
      87
      83
      65
      75
      94
      76
      74
      94
     100
      96
      71
      73
      82
      77
      61
      70
      74
      70
      80
      95
      72
      69
      61
      90
      70
      85
      58
      80
      70
      74
      78
      64
      77
      62
      87
      72
      73
      69
      80
      72
      65
      76
      71
      56
      85
      84
      58
      69
      66
      69
      81
      71
      76
      88
      77
      91
      85
      75
      80
      83
      90
      75
      76
      91
      76
      84
      92
      71
      87
      84
      78
      87
      88
      70
      81
      81
      85
      80
      87
      86
      84
      90
      90
      81
      70
      80
      75
      80
     100
      88
      85
      89
      83
      83
      72
      66
      71
      66
      75
      69
      76
      94
      79
      65
      75
      80
      84
      86
      69
      66
      53
      83
      86
      77
      70
      69
      66
      63
      86
      79
      75
      83
      70
      62
      68
      83
      57
      70
      93
      72
      80
      63
      56
      83
      66
      80
      56
      81
      76
      71
      71
      60
      79
      60
      46
      77
      68
      69
      52
      58
      52
      71
      53
      69
      61
      66
      78
      76
      52
      75
      56
      73
      68
      61
      51
      56
      56
      55
      66
      59
      57
      60
      68
      71
      61
      66
      68
      49
      66
      48
      71
      64
      62
      68
      55
      65
      58
      57
      56
      73
      78
      74
      64
      52
      58
      62
      65
      56
      59
      59
      56
      57
      49
      74
      72
      65
      58
      58
      67
      61
      68
      70
      66
      65
      62
      67
      60
      57
      44
      70
      68
      54
      51
      61
      53
      68
      57
      61
      60
      43
      67
      59
      69
      63
      66
      54
      67
      50
      53
      66
      69
      63
      67
      64
      62
      56
      55
      77
      52
      52
      51
      66
      59
      58
      69
      52
      57
      53
      52
      52
      60
      48
      67
      62
      65
      52
      52
      65
      59
      54
      71
      61
      51
      55
      52
      62
      52
      51
      60
      53
      48
      59
      50
      55
      47
      68
      47
      42
      78
      62
      63
      70
      57
      46
      54
      58
      64
      55
      61
      57
      68
      58
      68
      62
      59
      65
      55
      66
      57
      69
      62
      57
      56
      70
      80
      59
      57
      58
      49
      47
      56
      48
      55
      62
      59
      66
      59
      57
      74
      56
      68
      65
      58
      66
      69
      77
      78
      64
      67
      67
      53
      68
      64
      65
      60
      48
      69
      68
      62
      62
      57
      45
      75
      58
      61
      76
      73
      64
      62
      59
      68
      58
      77
      77
      66
      65
      76
      58
      74
      71
      73
      46
      62
      66
      57
      57
      59
      61
      76
      70
      63
      56
      57
      61
      69
      72
      52
      64
      90
      59
      71
      67
      60
      63
      67
      59
      73
      50
      57
      69
      46
      53
      54
      57
      56
      48
      63
      52
      52
      63
      58
      64
      48
      65
      66
      61
      72
      61
      55
      70
      68
      56
      71
      66
      66
      58
      66
      71
      61
      74
      68
      56
      70
      58
      45
      51
      61
      59
      57
      66
      52
      62
      58
      58
      61
      70
      66
      60
      58
      65
      49
      55
      46
      68
      48
      75
      68
      59
      63
      45
      61
      82
      68
      50
      64
      61
      54
      40
      49
      60
      64
      54
      53
      65
      59
      45
      62
      55
      51
      49
      60
      53
      55
      44
      57
      54
      56
      47
      54
      51
      56
      50
      48
      51
      54
      57
      41
      49
      55
      56
      48
      36
      44
      57
      39
      45
      33
      51
      47
      48
      55
      44
      41
      48
      51
      59
      39
      38
      48
      44
      43
      40
      42
      42
      43
      34
      41
      47
      42
      44
      44
      28
      38
      38
      28
      44
      42
      46
      31
      42
      22
      39
      40
      38
      34
      38
      26
      36
      40
      43
      35
      49
      38
      30
      31
      35
      30
      36
      40
      32
      38
      24
      30
      29
      35
      34
      38
      36
      39
      42
      37
      30
      28
      30
      15
      33
      25
      30
      35
      33
      32
      28
      27
      25
      22
      23
      22
      31
      41
      27
      26
      35
      30
      29
      28
      34
      39
      21
      37
      27
      32
      23
      19
      36
      26
      27
      18
      20
      25
      36
      34
      36
      27
      23
      21
      34
      31
      36
      28
      31
      32
      23
      36
      30
      28
      31
      32
      29
      33
      37
      29
      26
      22
      20
      27
      17
      20
      27
      27
      33
      23
      30
      25
      20
      23
      14
      19
      22
      24
      27
      27
      22
      27
      30
      30
      32
      22
      30
      29
      25
      28
      35
      24
      26
      20
      31
      31
      25
      35
      29
      24
      27
      27
      34
      28
      34
      27
      32
      20
      23
      31
      28
      21
      30
      22
      28
      27
      25
      26
      29
      34
      25
      31
      32
      38
      26
      36
      31
      47
      38
      35
      28
      45
      39
      36
      34
      40
      39
      36
      39
      40
      51
      55
      49
      39
      49
      50
      50
      54
      61
      49
      56
      57
      59
      62
      43
      64
      63
      59
      63
      69
      64
      70
      68
      71
      69
      81
      71
      91
      86
      92
     104
      79
      97
      94
     114
     109
     105
      99
      92
     105
     106
      94
      99
     105
     105
     126
     107
     110
     113
     109
     128
     114
     140
     131
     111
     149
     138
     151
     135
     146
     139
     174
     126
     146
     123
     137
     144
     171
     135
     141
     154
     155
     168
     158
     129
     142
     157
     137
     164
     142
     139
     156
     152
     168
     144
     140
     121
     119
     136
     141
     106
     124
     142
     115
     114
     126
     116
     115
     107
     124
     128
     127
     102
     112
     102
     103
     129
      95
      95
     117
      90
      92
      91
      67
      79
      87
      85
      90
      80
      75
      67
      56
      67
      69
      78
      51
      77
      55
      46
      71
      58
      39
      69
      42
      36
      41
      45
      53
      34
      36
      34
      39
      30
      39
      38
      29
      40
      31
      30
      21
      36
      28
      22
      26
      32
      15
      25
      19
      20
      32
      19
      23
      22
      17
      17
      31
      26
      21
      29
      16
      13
      15
      14
      25
      16
      15
      22
      17
      22
      15
      11
      16
      15
      20
      12
      16
      16
      16
      19
      18
      21
      15
       9
      19
      17
      15
      15
       8
      21
      12
      14
      19
      17
      10
      13
       9
      18
      18
      20
      11
      20
      14
      12
      22
      17
      22
      16
      14
      21
      32
      22
      11
      21
      13
      17
      14
      16
      18
      10
      21
      12
      22
      11
      25
      20
      21
      18
      14
      25
      19
      17
      20
      17
      16
      23
      21
      19
      21
      23
      18
      28
      14
      18
      27
      21
      24
      26
      30
      28
      21
      16
      24
      24
      27
      27
      23
      36
      30
      26
      32
      34
      28
      26
      29
      27
      35
      30
      23
      28
      35
      29
      40
      38
      39
      25
      39
      29
      29
      27
      33
      37
      31
      33
      28
      34
      28
      21
      32
      32
      26
      27
      30
      34
      29
      26
      31
      34
      25
      40
      26
      17
      35
      23
      40
      35
      32
      22
      26
      23
      32
      23
      25
      27
      19
      33
      26
      26
      24
      16
      30
      31
      23
      26
      26
      21
      31
      20
      27
      21
      25
      19
      28
      18
      27
      24
      21
      20
      17
      19
      17
      31
      14
      25
      19
      16
      22
      27
      22
      18
      22
      18
      11
      12
      21
      16
      14
      17
      14
      17
      18
      15
      16
      12
      16
      16
       7
      24
      19
      14
      11
       5
      11
      13
      15
      10
      12
      12
      13
       7
       7
      10
      10
       9
      11
       9
       9
       9
      13
       8
       7
      10
      10
      10
      11
       4
      12
       9
      14
      10
      11
       8
      13
      13
      10
      10
       8
       9
      13
      10
       8
       8
      14
      13
      10
       9
       7
      10
       6
       7
       7
       9
       9
       7
       9
      11
      11
       3
      14
      10
      12
       9
       7
       7
       7
       9
       7
       8
       7
       4
       8
       6
      10
       8
      12
       6
       5
       9
       3
       9
       5
       0
       0
       0
       0
       0
       0
       0
       0
       0
       0
       0
       0
       0
       0
       0
       0
       0
       0
       0
       0
       0
       0
       0
       0
       0
       0
       0
       0
       0
       0
       0
       0
       0
       0
       0
       0
       0
       0
       0
       0
       0
       0
       0
       0
       0
       0
       0
       0
       0
       0
       0
       0
       0
       0
       0
       0
       0
       0
       0
       0
       0
       0
       0
       0
       0
       0
       0
       0
       0
       0
       0
       0
       0
       0
       0
       0
       0
       0
       0
$ROI:
1
1517 1648
$PRESETS:
None
0
0
$ENER_FIT:
0.000000 0.000000
$MCA_CAL:
3
0.000000E+000 0.000000E+000 0.000000E+000 
$SHAPE_CAL:
3
0.000000E+000 0.000000E+000 0.000000E+000
