$SPEC_ID:
No sample description was entered.
$SPEC_REM:
DET# 1
DETDESC# LAB4C1 Easy-MCA-2k SN 20066403
AP# Maestro Version 7.01
$DATE_MEA:
11/17/2022 14:44:47
$MEAS_TIM:
234 238
$DATA:
0 2047
       0
       0
       0
       0
       0
       0
       0
       0
       1
       8
    2742
    2171
    1744
    1172
     753
     532
     425
     385
     381
     385
     382
     458
     449
     460
     456
     454
     581
     617
     684
     732
     831
    1013
    1225
    1591
    2037
    2733
    3486
    4504
    5749
    7035
    8632
   10588
   12948
   16070
   19170
   22270
   25059
   26347
   26294
   24528
   21763
   18038
   14593
   11533
    9110
    6812
    5168
    4036
    3017
    2252
    1568
    1258
    1025
     895
     785
     778
     837
     875
     930
     956
    1013
    1018
    1129
    1258
    1304
    1364
    1396
    1457
    1466
    1480
    1522
    1467
    1434
    1435
    1340
    1346
    1380
    1370
    1388
    1393
    1500
    1683
    1699
    1851
    1898
    1978
    2027
    2070
    2066
    2232
    2270
    2369
    2473
    2626
    2718
    2849
    3014
    3441
    3629
    3938
    4350
    4731
    5248
    5798
    6141
    6575
    7076
    7286
    7446
    7468
    7370
    6916
    6415
    5901
    5183
    4556
    3733
    3214
    2639
    2154
    1712
    1363
    1121
     942
     769
     697
     672
     580
     541
     526
     586
     531
     574
     551
     543
     570
     585
     540
     546
     582
     623
     588
     627
     616
     636
     628
     708
     719
     691
     737
     738
     801
     778
     858
     771
     768
     784
     746
     736
     735
     753
     701
     672
     650
     653
     631
     579
     618
     566
     603
     586
     573
     574
     587
     570
     579
     604
     595
     534
     617
     592
     598
     574
     625
     593
     623
     635
     659
     649
     660
     703
     660
     673
     679
     717
     727
     719
     706
     693
     718
     745
     757
     760
     734
     771
     706
     743
     792
     669
     727
     741
     736
     724
     667
     696
     683
     671
     688
     671
     682
     679
     638
     626
     631
     581
     629
     614
     566
     564
     562
     566
     504
     583
     531
     514
     507
     515
     465
     527
     474
     485
     546
     443
     494
     452
     484
     491
     495
     448
     462
     415
     477
     450
     436
     435
     426
     451
     439
     399
     410
     369
     401
     417
     363
     369
     360
     371
     370
     374
     372
     378
     366
     328
     357
     343
     346
     348
     331
     317
     314
     334
     339
     326
     309
     322
     279
     326
     352
     352
     341
     325
     296
     307
     295
     293
     318
     310
     321
     278
     304
     306
     313
     281
     281
     291
     274
     261
     256
     266
     270
     237
     249
     271
     258
     260
     256
     274
     279
     273
     228
     278
     270
     280
     259
     246
     275
     275
     301
     330
     293
     280
     341
     323
     347
     341
     352
     329
     390
     369
     410
     421
     457
     463
     428
     504
     495
     508
     623
     562
     564
     598
     607
     613
     651
     636
     619
     672
     683
     687
     714
     710
     746
     690
     730
     767
     726
     741
     791
     822
     803
     820
     880
     835
     834
     872
     872
     926
     978
     966
     951
     990
     978
    1085
    1088
    1028
    1015
    1034
    1041
    1053
    1073
    1108
    1092
    1079
    1081
    1046
    1088
    1082
    1044
     999
    1015
     954
    1021
     924
     863
     882
     845
     844
     792
     755
     763
     758
     705
     709
     659
     705
     669
     627
     677
     646
     622
     635
     713
     694
     738
     728
     746
     796
     805
     865
     888
     907
    1041
    1022
    1103
    1194
    1252
    1267
    1403
    1417
    1565
    1584
    1689
    1739
    1788
    1837
    1808
    2054
    2007
    2079
    2219
    2162
    2241
    2265
    2369
    2379
    2409
    2518
    2445
    2380
    2487
    2454
    2556
    2439
    2339
    2401
    2310
    2260
    2235
    2238
    2182
    2233
    1994
    1943
    1895
    1901
    1802
    1734
    1717
    1637
    1478
    1434
    1424
    1363
    1282
    1164
    1196
    1120
    1022
     988
     939
     974
     964
     831
     807
     781
     780
     753
     697
     707
     647
     602
     595
     613
     594
     525
     506
     495
     502
     528
     434
     436
     426
     446
     413
     376
     411
     355
     339
     309
     277
     272
     270
     256
     280
     246
     250
     200
     226
     167
     179
     146
     170
     157
     157
     158
     129
     149
     124
     132
     128
     113
     133
     106
      93
      95
      95
      95
      90
      94
      91
      69
     111
      85
      96
     109
     102
      97
      96
      99
     105
     118
      98
     110
     110
     112
     105
     110
     103
     108
     109
     105
     104
     124
      87
     107
     106
      94
      88
     106
      94
      95
      94
      85
      84
      78
      83
      69
      75
      74
      71
      62
      66
      61
      60
      59
      61
      59
      58
      43
      59
      49
      39
      40
      38
      39
      27
      30
      27
      22
      29
      33
      31
      33
      22
      39
      16
      18
      21
      16
      17
      18
      12
      15
      13
      17
      19
      21
      13
      15
      12
      16
      18
      13
      10
       7
      16
      15
      13
      15
       7
      16
       9
      16
      11
      11
      10
       9
      11
       9
       8
      14
      11
      10
       9
       8
      12
       6
      10
       5
       8
       9
       8
      15
      11
       8
       7
       9
      12
       6
       9
       7
       7
       4
       4
       4
       8
      13
       6
       4
       8
      10
      10
       5
      11
       6
      12
       7
       7
       8
       8
      11
       7
      15
       8
       4
       5
       7
       4
       5
       8
      11
      11
       6
       7
       8
      11
      13
      14
       8
      11
      17
      10
       7
       6
       4
       8
       5
      10
       6
      10
       8
       3
       3
       7
       8
      10
      10
       5
       9
       4
      14
      14
      12
       8
       7
      10
       8
       8
       8
       8
       8
      12
       6
       9
       7
      10
      21
       5
       6
      12
      10
       9
       8
      10
       8
       7
      11
      10
       8
       5
       7
       6
      14
      10
      10
      11
       8
       9
       7
      15
       7
       5
       8
      11
       5
       9
      10
      11
       6
      10
       3
      13
       7
       8
       5
       9
       5
       8
      13
       7
       9
       9
       8
       6
       8
       7
       4
      12
       8
       7
       9
       4
       6
       3
       9
       6
       5
       9
      12
       9
       6
       9
       7
      13
       8
       8
       9
       7
       7
      12
       8
      12
       7
      13
      11
      11
      12
       7
       4
      12
       7
       4
       8
      10
       6
       9
      10
      14
      10
       9
       9
       6
       9
       8
       4
       9
       5
       9
       4
       6
      12
      13
       8
       4
       5
       9
       8
       7
       6
       6
       5
       7
       4
       8
       6
       5
       4
       5
       9
       5
       5
       7
       7
       7
       5
       6
       3
       8
       2
      10
       4
       6
       2
       3
       1
       8
       3
       8
       6
       7
       1
       2
       6
       4
       3
       5
       1
       5
       6
       5
       5
       5
       4
       6
       2
       3
       7
       3
       5
      10
       5
       4
       3
       4
       3
       1
       6
       6
       5
       4
       3
       7
       7
       4
       4
       0
       2
       2
       2
       2
       3
       5
       5
       7
       3
       5
       3
       3
       5
       9
       7
       6
       3
       7
       3
       4
       2
       3
       1
       4
       6
       2
       2
       1
       3
       4
       1
       8
       3
       1
       2
       2
       1
       2
       6
       3
       4
       4
       7
       3
       2
       4
       3
       4
       4
       3
       1
       2
       0
       9
       2
       3
       2
       4
       2
       1
       4
       1
       5
       3
       5
       3
       3
       3
       3
       0
       2
       2
       3
       1
       2
       3
       3
       2
       2
       3
       5
       3
       3
       1
       3
       3
       3
       0
       1
       2
       1
       2
       4
       0
       1
       3
       4
       1
       2
       4
       5
       1
       4
       8
       1
       4
       2
       4
       3
       2
       1
       1
       3
       1
       2
       3
       4
       1
       1
       2
       1
       0
       4
       4
       4
       3
       0
       3
       3
       3
       3
       2
       2
       3
       0
       1
       2
       4
       0
       3
       2
       6
       3
       0
       3
       5
       1
       2
       2
       4
       3
       1
       2
       2
       4
       2
       2
       4
       2
       3
       3
       2
       1
       6
       2
       2
       2
       2
       0
       2
       2
       2
       2
       2
       0
       0
       6
       3
       3
       1
       2
       4
       1
       2
       0
       4
       2
       4
       6
       2
       2
       2
       1
       2
       3
       1
       2
       4
       4
       2
       3
       2
       5
       1
       2
       1
       0
       1
       2
       2
       1
       4
       1
       4
       4
       3
       2
       2
       1
       3
       3
       3
       3
       5
       2
       2
       2
       3
       1
       2
       4
       0
       4
       1
       6
       1
       2
       1
       2
       2
       3
       4
       1
       7
       2
       2
       1
       1
       3
       1
       1
       6
       5
       1
       5
       1
       3
       2
       2
       2
       3
       1
       1
       3
       2
       2
       1
       2
       3
       1
       3
       2
       1
       1
       1
       2
       1
       0
       1
       0
       3
       2
       2
       1
       4
       1
       5
       5
       3
       4
       2
       2
       3
       2
       6
       3
       3
       5
       1
       2
       0
       4
       1
       2
       4
       3
       0
       6
       1
       3
       1
       1
       2
       1
       3
       1
       4
       2
       1
       5
       1
       1
       1
       1
       2
       1
       2
       1
       1
       5
       5
       1
       2
       2
       4
       0
       1
       1
       4
       4
       1
       1
       1
       2
       0
       0
       0
       3
       1
       2
       0
       1
       1
       0
       4
       1
       5
       0
       2
       2
       2
       1
       2
       1
       2
       2
       1
       2
       2
       2
       0
       1
       1
       2
       2
       2
       0
       2
       2
       2
       0
       1
       0
       3
       1
       1
       2
       0
       0
       3
       2
       0
       1
       2
       1
       2
       4
       1
       2
       1
       3
       0
       1
       0
       1
       3
       0
       3
       0
       1
       0
       2
       1
       1
       3
       1
       0
       1
       0
       2
       1
       2
       2
       0
       0
       2
       0
       2
       3
       0
       4
       3
       2
       1
       8
       2
       0
       3
       1
       3
       0
       3
       1
       5
       1
       1
       4
       0
       0
       5
       0
       4
       0
       1
       0
       2
       4
       4
       3
       3
       1
       0
       3
       6
       0
       1
       2
       3
       2
       2
       2
       2
       0
       1
       2
       2
       1
       1
       1
       2
       2
       1
       2
       3
       1
       3
       1
       3
       1
       2
       1
       1
       0
       2
       5
       1
       1
       3
       3
       2
       4
       1
       2
       2
       5
       2
       1
       0
       0
       1
       1
       0
       2
       2
       2
       0
       0
       1
       2
       3
       1
       2
       5
       0
       1
       3
       0
       0
       3
       3
       1
       0
       1
       0
       2
       1
       1
       1
       2
       5
       1
       0
       3
       4
       1
       1
       1
       1
       4
       3
       0
       1
       1
       1
       1
       4
       4
       0
       1
       1
       0
       1
       0
       4
       1
       3
       2
       2
       0
       1
       3
       0
       0
       2
       1
       1
       0
       2
       0
       2
       0
       0
       0
       0
       1
       2
       2
       2
       0
       3
       1
       0
       1
       1
       2
       1
       1
       2
       1
       1
       2
       3
       1
       0
       3
       2
       2
       0
       2
       2
       0
       0
       0
       2
       2
       5
       1
       2
       0
       0
       3
       0
       1
       2
       1
       0
       1
       0
       0
       1
       2
       2
       0
       0
       3
       0
       0
       0
       0
       0
       1
       1
       0
       2
       1
       0
       2
       1
       0
       1
       1
       2
       1
       1
       0
       0
       0
       1
       1
       0
       0
       0
       1
       1
       0
       2
       0
       1
       0
       0
       1
       0
       2
       0
       1
       1
       0
       0
       0
       1
       0
       2
       1
       2
       0
       0
       0
       0
       0
       3
       0
       1
       2
       0
       3
       0
       0
       1
       2
       0
       2
       0
       1
       0
       1
       0
       0
       1
       0
       1
       1
       3
       1
       1
       1
       1
       3
       0
       1
       2
       0
       2
       1
       0
       0
       1
       0
       1
       2
       0
       2
       0
       3
       1
       1
       3
       3
       1
       1
       1
       2
       0
       3
       0
       3
       1
       0
       1
       0
       2
       2
       0
       1
       3
       1
       0
       0
       1
       1
       2
       0
       1
       0
       1
       0
       2
       0
       0
       3
       2
       0
       0
       0
       1
       2
       1
       0
       3
       1
       2
       0
       1
       2
       1
       1
       1
       0
       1
       1
       2
       0
       0
       1
       0
       1
       0
       1
       2
       0
       1
       2
       1
       0
       0
       3
       1
       3
       3
       0
       1
       1
       0
       0
       1
       4
       0
       0
       0
       4
       1
       3
       1
       2
       3
       2
       1
       4
       0
       0
       3
       2
       0
       2
       1
       1
       5
       2
       0
       2
       3
       2
       1
       1
       2
       3
       2
       0
       1
       3
       1
       1
       3
       1
       3
       3
       1
       3
       2
       3
       3
       2
       2
       3
       2
       0
       4
       3
       4
       2
       2
       6
       0
       1
       2
       3
       1
       4
       4
       1
       7
       0
       0
       3
       1
       3
       1
       2
       3
       2
       2
       1
       2
       1
       3
       3
       1
       4
       5
       4
       2
       3
       3
       5
       2
       2
       4
       2
       4
       2
       1
       1
       2
       1
       1
       2
       1
       4
       0
       5
       1
       1
       1
       3
       2
       5
       3
       1
       2
       4
       2
       2
       1
       2
       3
       2
       2
       0
       2
       2
       0
       0
       0
       0
       0
       0
       0
       2
       2
       1
       0
       0
       0
       0
       0
       1
       0
       1
       1
       2
       1
       1
       1
       0
       0
       0
       1
       0
       0
       0
       0
       0
       3
       0
       0
       2
       0
       2
       1
       1
       2
       0
       0
       0
       1
       2
       0
       0
       2
       0
       0
       1
       0
       1
       0
       1
       0
       1
       0
       0
       0
       1
       1
       1
       3
       0
       0
       0
       0
       0
       0
       0
       0
       0
       0
       0
       1
       1
       0
       0
       1
       1
       0
       1
       0
       1
       0
       0
       0
       2
       1
       0
       1
       2
       0
       0
       0
       0
       0
       0
       0
       0
       0
       0
       0
       0
       0
       0
       0
       0
       0
       0
       0
       0
       0
       0
       0
       0
       0
       0
       0
       0
       0
       0
       0
       0
       0
       0
       0
       0
       0
       0
       0
       0
       0
       0
       0
       0
       0
       0
       0
       0
       0
       0
       0
       0
       0
       0
       0
       0
       0
       0
       0
       0
       0
       0
       0
       0
       0
       0
       0
       0
       0
       0
       0
       0
       0
       0
       0
       0
       0
       0
       0
$ROI:
1
432 537
$PRESETS:
None
0
0
$ENER_FIT:
0.000000 0.000000
$MCA_CAL:
3
0.000000E+000 0.000000E+000 0.000000E+000 
$SHAPE_CAL:
3
0.000000E+000 0.000000E+000 0.000000E+000
